node_id1 node_id2 t
492 938 0
267 272 2
181 826 24
79 181 48
150 196 59
21 150 60
21 205 62
21 150 62
448 826 62
765 826 62
39 253 73
80 253 73
123 845 77
118 311 78
95 118 78
80 95 78
123 845 78
95 311 78
118 311 79
80 118 79
95 118 79
123 845 79
95 311 79
118 311 80
95 118 80
95 311 80
123 845 80
118 311 81
118 771 81
95 771 81
311 771 81
95 118 81
123 845 81
95 311 81
118 311 82
21 205 82
95 771 82
95 118 82
123 845 82
95 311 82
118 771 82
118 311 83
95 771 83
95 118 83
123 845 83
95 311 83
123 845 84
123 845 85
153 205 85
123 845 86
123 845 87
164 311 87
123 845 88
21 179 91
123 845 91
311 481 95
79 122 120
39 120 137
39 120 138
39 120 140
39 120 141
39 120 143
39 120 144
122 448 151
122 448 152
122 448 153
122 448 154
21 150 154
39 120 160
39 120 161
39 120 162
39 120 163
39 120 164
39 120 169
39 120 172
39 120 173
39 120 174
21 150 174
39 120 175
39 120 176
120 819 177
431 778 224
271 601 226
431 778 229
431 778 233
431 778 237
15 95 237
56 194 242
56 194 243
194 786 245
194 311 245
311 786 246
311 786 247
194 786 248
194 786 249
194 311 249
311 786 250
194 786 250
311 786 251
311 786 252
194 786 252
194 786 253
194 786 257
311 786 257
194 786 258
95 311 260
95 205 260
271 601 261
21 603 261
205 311 261
95 311 262
95 311 263
95 123 268
205 311 272
150 271 275
150 271 276
311 496 280
21 431 284
79 275 288
271 601 288
222 267 288
50 179 288
222 267 289
222 267 290
271 601 291
222 267 291
222 267 292
150 601 293
120 172 296
271 448 296
271 601 297
29 271 298
120 223 299
271 601 300
271 601 301
271 601 302
271 601 303
271 601 304
120 172 305
271 601 305
271 601 306
271 601 307
271 601 308
271 601 309
271 601 310
271 601 311
271 601 312
271 601 316
271 601 317
271 601 318
271 601 324
271 601 337
271 601 338
116 123 340
271 601 340
271 601 341
29 95 348
123 253 349
123 253 353
123 253 358
120 172 372
120 172 373
79 253 375
311 496 384
311 496 385
285 762 389
285 762 390
285 762 395
285 762 396
285 762 397
123 253 400
285 762 402
150 601 406
285 762 424
150 762 430
29 79 431
150 762 431
150 762 432
150 762 433
150 762 434
116 826 451
63 481 474
120 172 476
120 172 477
63 481 483
762 771 484
63 481 484
63 481 485
63 481 486
63 481 487
63 481 489
63 481 490
63 481 493
63 481 494
63 481 495
63 481 498
63 481 499
63 481 502
56 939 542
50 335 542
123 253 547
778 826 556
778 826 557
223 496 575
123 253 580
29 56 581
29 56 582
29 56 583
29 56 584
29 56 585
95 819 587
123 253 587
29 56 587
116 778 587
105 113 609
223 496 615
172 311 634
120 311 635
105 113 639
172 311 639
120 172 640
172 311 640
120 311 642
105 113 643
105 113 660
113 513 661
123 253 661
123 253 662
105 113 663
113 513 668
172 311 668
172 311 669
172 311 672
172 311 673
172 311 674
123 253 675
172 311 675
123 253 676
172 311 676
172 311 677
123 253 678
172 311 678
119 275 679
172 311 679
172 311 680
172 311 682
105 113 683
119 335 688
113 513 692
63 481 695
105 513 703
50 771 709
50 771 710
15 95 718
15 95 722
15 29 722
29 95 722
29 95 723
15 95 723
15 29 723
15 95 724
15 95 730
15 95 731
15 95 732
194 786 733
15 95 733
105 113 735
95 194 737
15 95 738
15 95 739
95 194 741
150 154 742
95 194 742
150 154 743
15 95 743
95 194 743
150 154 744
105 113 744
150 154 745
105 113 745
105 113 746
150 154 747
150 154 750
494 765 750
150 154 751
494 765 751
150 154 752
150 154 753
150 154 756
494 765 756
150 154 757
48 209 763
48 209 764
48 209 765
113 513 765
80 222 768
17 48 773
179 209 775
17 179 776
179 209 776
17 209 776
17 48 776
66 209 777
48 209 778
17 66 778
123 253 778
17 66 779
80 222 780
17 66 780
123 253 781
17 66 781
196 223 782
17 66 782
66 196 782
196 223 783
223 819 783
17 102 783
39 205 783
66 209 783
17 66 783
196 819 784
48 66 784
17 66 784
80 765 785
17 66 785
66 102 785
196 819 785
66 209 785
48 66 785
66 102 786
80 765 786
17 179 786
196 819 786
17 66 786
66 209 786
48 66 786
48 209 787
48 66 787
66 102 787
223 819 787
196 819 787
21 66 787
102 179 787
48 209 788
66 102 788
21 48 788
17 102 788
205 496 788
102 179 788
48 209 789
66 102 789
17 102 789
21 66 789
102 179 789
48 209 790
80 765 790
48 134 790
66 102 790
17 102 790
21 66 790
134 209 790
66 209 790
102 179 790
48 66 791
80 765 792
80 765 793
105 113 793
80 765 794
80 765 795
240 275 795
80 222 797
134 240 798
80 222 798
134 240 799
80 222 799
240 285 800
134 496 800
80 222 800
240 285 801
134 285 801
80 222 801
123 253 801
240 285 802
134 240 802
134 285 802
80 222 802
123 253 802
271 601 805
205 496 805
205 496 806
271 601 808
205 311 808
205 496 808
80 311 808
311 496 809
205 496 809
63 481 810
205 496 810
80 222 811
205 496 811
80 222 812
205 496 812
63 271 812
80 765 813
205 311 813
80 222 813
205 496 813
80 765 814
205 496 814
80 765 815
80 222 815
80 222 816
205 496 816
222 496 817
205 311 817
205 496 817
311 496 818
205 496 818
205 311 819
205 496 819
205 496 820
205 496 821
80 765 822
80 222 822
205 496 822
205 496 823
80 765 824
205 496 824
80 765 825
222 496 825
205 496 825
39 113 825
80 765 826
205 496 826
39 113 826
80 222 827
80 765 828
80 765 829
80 765 830
205 496 830
80 765 831
123 253 831
80 765 832
80 494 832
80 765 833
80 494 833
80 765 834
80 494 834
80 765 835
80 494 835
39 113 837
494 765 839
123 253 841
80 222 854
105 275 864
311 496 875
311 496 876
80 222 876
311 496 877
123 253 877
123 253 878
80 311 882
80 311 883
311 496 885
311 496 886
311 496 887
311 496 888
80 765 888
311 496 889
311 496 890
311 496 895
113 242 905
113 194 906
311 496 907
113 242 909
311 496 910
113 242 910
113 194 910
113 242 911
113 194 912
311 496 924
311 496 925
311 496 926
79 804 926
311 496 928
267 311 928
311 496 929
267 311 929
267 311 930
267 311 932
80 222 932
205 267 932
66 102 933
267 311 933
80 222 933
123 164 933
267 311 934
21 66 934
205 267 934
267 311 935
267 311 936
267 311 937
79 804 937
79 804 938
267 311 938
66 179 938
267 311 939
267 496 939
267 311 940
267 496 940
311 496 941
267 311 941
80 222 941
267 496 941
311 496 942
267 311 942
267 496 942
205 267 942
311 496 943
48 804 943
267 311 943
511 804 943
179 222 943
267 496 943
205 267 943
267 311 944
511 804 944
179 222 944
205 267 944
267 311 945
48 179 945
48 179 946
17 179 946
267 311 946
311 496 947
17 179 947
267 311 947
511 804 947
511 804 948
48 179 949
48 179 950
511 804 950
48 179 951
511 804 951
267 496 951
66 804 952
21 48 952
511 804 952
267 496 952
17 21 952
17 48 952
275 804 953
511 804 953
267 496 953
511 804 954
311 496 955
102 271 955
511 804 955
21 66 955
102 601 955
271 601 956
267 311 956
511 804 956
271 601 957
511 804 957
271 601 958
21 66 958
311 496 959
271 601 959
267 311 959
21 66 959
267 496 959
311 496 960
267 311 960
267 496 960
79 311 961
205 496 961
48 66 961
311 496 962
271 601 963
222 267 963
271 601 965
222 267 965
48 80 965
222 267 966
271 601 967
804 826 967
48 66 968
804 826 968
778 804 968
271 601 970
222 267 970
271 601 971
209 285 971
79 102 971
223 267 973
285 875 973
222 223 973
222 267 973
223 267 974
285 875 974
222 223 974
222 267 974
223 267 975
271 601 975
285 875 975
222 267 975
223 267 976
285 875 976
222 267 976
223 267 977
271 601 977
285 875 977
285 875 978
184 267 978
275 875 978
271 601 980
271 601 981
285 875 981
271 601 982
285 875 982
285 875 983
184 804 983
184 804 984
184 804 985
184 804 986
285 875 988
285 875 990
102 240 993
222 267 993
102 240 994
222 267 994
222 267 995
222 267 996
285 875 997
48 66 1004
285 875 1005
48 66 1005
222 267 1008
48 66 1008
222 267 1009
21 66 1009
48 66 1009
21 209 1012
119 875 1014
222 267 1014
222 267 1016
21 209 1016
222 267 1017
21 66 1020
48 66 1020
48 66 1023
21 48 1024
21 66 1024
48 66 1024
48 66 1025
222 267 1035
222 267 1036
79 95 1037
21 66 1037
222 267 1039
29 95 1039
21 66 1040
48 66 1040
222 267 1041
21 66 1041
95 181 1041
222 267 1042
21 66 1042
48 66 1042
21 66 1043
48 66 1043
48 66 1044
134 240 1045
21 48 1046
21 66 1046
48 66 1046
21 66 1047
48 66 1047
21 66 1048
48 66 1048
79 95 1049
48 66 1049
21 48 1049
21 66 1049
48 66 1050
48 66 1051
48 66 1052
39 267 1053
48 66 1053
48 66 1054
48 66 1055
48 66 1056
95 786 1057
48 66 1057
21 48 1058
48 66 1058
50 102 1061
63 481 1062
39 205 1062
39 205 1063
39 205 1064
119 275 1065
39 205 1065
39 205 1066
21 66 1069
223 311 1070
223 311 1071
21 66 1071
21 66 1079
48 66 1079
17 21 1079
765 786 1083
765 786 1084
50 771 1086
119 762 1086
17 771 1089
765 786 1096
765 786 1097
123 253 1097
448 499 1098
50 875 1105
335 511 1105
120 494 1109
120 494 1110
120 494 1111
120 494 1112
120 494 1113
120 494 1115
120 494 1116
120 494 1117
120 494 1118
120 494 1119
120 494 1120
120 494 1121
120 494 1122
120 494 1123
120 494 1124
120 494 1125
123 253 1126
120 494 1126
123 253 1129
120 494 1129
123 253 1130
120 494 1130
120 494 1131
120 494 1132
120 494 1133
765 786 1138
120 494 1141
120 494 1142
120 494 1143
120 494 1144
120 494 1145
120 494 1146
123 253 1147
120 494 1147
120 494 1148
765 786 1149
120 494 1149
765 786 1150
120 494 1150
765 786 1151
120 494 1151
120 494 1152
765 786 1153
765 786 1157
222 267 1157
123 253 1157
120 494 1157
765 786 1158
123 253 1158
120 494 1158
765 786 1159
123 253 1159
120 494 1159
765 786 1160
120 494 1160
120 494 1161
120 494 1162
765 786 1163
120 494 1163
120 494 1164
765 786 1165
120 494 1165
120 494 1166
120 494 1167
120 494 1168
120 494 1169
765 786 1170
120 494 1170
765 786 1171
120 494 1171
765 786 1172
120 494 1172
120 494 1173
120 494 1174
765 786 1204
120 494 1204
765 786 1208
222 267 1208
120 494 1212
134 285 1213
120 494 1213
765 786 1216
222 267 1217
222 267 1219
222 267 1220
765 786 1225
765 786 1226
765 786 1227
29 222 1235
29 222 1236
223 311 1236
222 267 1239
120 494 1249
222 267 1251
123 253 1253
123 253 1254
120 494 1254
765 786 1259
222 267 1263
222 267 1264
222 267 1265
268 845 1265
17 762 1266
222 267 1266
134 762 1266
765 786 1273
765 786 1279
765 786 1280
184 778 1280
765 786 1281
17 762 1281
184 778 1281
17 762 1282
184 778 1282
765 786 1285
184 778 1285
765 786 1286
184 778 1286
184 778 1287
116 762 1289
184 778 1290
184 778 1291
184 778 1292
120 494 1292
184 778 1293
120 494 1294
120 494 1295
184 778 1296
120 494 1296
184 778 1297
184 778 1298
184 778 1299
184 778 1300
184 778 1301
184 778 1302
120 494 1302
765 786 1303
184 778 1303
765 786 1304
184 778 1304
120 494 1304
765 786 1305
184 778 1305
765 786 1306
184 778 1306
765 786 1307
184 778 1307
765 786 1308
184 778 1308
184 778 1309
184 778 1310
184 778 1311
120 494 1311
184 778 1312
119 275 1314
120 494 1314
184 778 1315
119 275 1315
120 494 1315
765 786 1317
765 786 1318
123 253 1318
765 786 1319
123 253 1319
120 494 1319
120 494 1320
765 786 1321
765 786 1322
184 778 1322
765 786 1323
184 778 1323
765 786 1324
184 778 1324
765 786 1325
184 778 1325
184 778 1327
184 778 1328
184 778 1329
765 786 1330
184 778 1330
184 778 1331
184 778 1332
765 786 1333
184 778 1333
184 778 1334
184 778 1335
184 778 1336
184 778 1337
120 494 1337
184 778 1338
120 494 1338
184 778 1339
120 494 1339
184 778 1340
120 494 1340
120 494 1341
196 223 1342
120 494 1343
120 494 1344
120 494 1346
80 762 1347
275 762 1347
120 494 1347
120 494 1348
120 494 1349
120 494 1351
120 494 1352
120 494 1355
63 154 1356
119 275 1356
119 275 1357
116 481 1362
120 494 1362
765 786 1364
765 786 1365
765 786 1366
765 786 1368
120 494 1368
120 494 1369
120 494 1372
116 481 1373
120 494 1373
765 786 1374
765 786 1375
765 786 1376
765 786 1378
120 494 1378
120 494 1379
120 494 1380
120 494 1381
765 786 1382
120 494 1382
765 786 1383
765 786 1384
765 786 1386
765 786 1389
765 786 1390
765 786 1393
765 786 1394
63 481 1402
63 481 1403
63 481 1407
762 875 1408
123 253 1409
123 253 1410
123 253 1411
762 875 1412
123 253 1412
63 105 1417
63 105 1418
63 481 1423
63 481 1424
184 778 1424
50 875 1425
762 875 1427
184 778 1427
185 778 1428
184 268 1428
184 185 1428
184 778 1428
63 481 1428
63 481 1429
184 268 1429
184 185 1429
184 268 1430
184 268 1431
184 778 1431
184 778 1433
17 102 1435
184 268 1436
184 804 1438
184 268 1439
184 268 1440
17 102 1443
17 102 1444
184 268 1445
184 268 1446
184 804 1447
184 804 1448
184 268 1450
184 268 1452
113 223 1479
184 268 1481
184 268 1487
15 95 1490
205 223 1504
15 496 1514
95 496 1514
15 496 1515
15 496 1516
205 223 1526
123 253 1528
285 481 1529
123 253 1529
123 253 1530
123 253 1532
205 223 1532
123 253 1534
123 253 1535
123 253 1536
184 268 1540
15 496 1544
123 253 1544
15 95 1545
222 267 1550
222 267 1551
120 494 1551
222 267 1552
120 494 1552
222 267 1553
120 494 1553
222 267 1554
222 267 1555
222 267 1556
222 267 1557
222 267 1560
184 268 1561
120 494 1561
222 267 1566
222 267 1567
240 938 1568
222 267 1573
222 267 1574
222 267 1575
222 267 1576
222 267 1577
222 267 1578
222 267 1579
222 267 1580
222 267 1581
222 267 1582
222 267 1583
285 481 1588
285 481 1589
120 494 1595
120 494 1596
194 311 1597
120 494 1597
194 311 1598
120 494 1598
194 311 1599
120 494 1599
120 494 1600
120 494 1604
150 285 1607
150 285 1608
194 311 1612
194 311 1616
194 311 1617
194 311 1618
194 311 1619
194 311 1620
123 253 1623
123 253 1626
120 494 1627
95 194 1681
95 194 1682
95 194 1683
95 194 1684
95 194 1685
95 194 1686
95 194 1687
95 194 1688
194 311 1689
95 194 1689
194 311 1690
222 267 1692
222 267 1693
222 267 1694
95 194 1694
222 267 1695
95 194 1695
222 267 1696
95 194 1696
95 194 1697
184 845 1699
184 268 1700
184 268 1701
184 845 1701
184 268 1702
184 845 1702
184 268 1704
184 845 1704
184 845 1705
184 845 1706
184 845 1707
184 268 1708
184 845 1711
184 826 1713
184 268 1715
184 268 1716
39 205 1718
39 205 1719
39 205 1720
123 253 1728
123 253 1729
223 253 1733
120 765 1734
120 765 1735
120 765 1739
95 123 1740
95 123 1741
15 123 1742
95 253 1742
15 95 1742
123 253 1742
95 123 1742
120 765 1743
95 123 1743
120 765 1744
95 123 1744
95 123 1745
95 123 1746
95 123 1747
95 123 1748
123 253 1759
120 765 1760
123 253 1760
120 765 1761
120 765 1762
123 253 1762
123 253 1763
120 765 1764
123 253 1764
120 765 1765
123 253 1765
123 253 1766
39 804 1769
120 765 1771
120 765 1772
120 765 1773
120 765 1777
120 494 1783
172 196 1794
275 804 1812
150 154 4403
80 771 4442
39 819 4461
39 819 4462
762 771 4471
120 819 4489
762 771 4490
120 819 4490
762 771 4491
120 819 4502
448 533 4504
120 819 4505
448 533 4505
120 819 4506
448 533 4506
120 819 4507
120 819 4515
120 819 4516
120 819 4517
492 601 4519
492 601 4520
79 222 4530
79 222 4534
79 222 4535
826 987 4550
79 222 4556
79 222 4557
123 492 4558
194 786 4561
194 786 4562
95 123 4572
48 875 4581
150 154 4582
150 154 4583
39 95 4583
39 95 4584
95 242 4589
172 196 4602
267 603 4605
267 603 4606
164 267 4607
164 267 4608
164 267 4609
15 95 4617
80 875 4618
15 95 4618
102 335 4629
102 335 4630
15 95 4635
15 95 4636
15 95 4637
271 533 4643
210 778 4646
15 95 4648
15 95 4651
271 533 4651
765 786 4652
134 285 4663
134 285 4664
134 285 4665
35 210 4666
35 210 4669
35 210 4671
35 210 4672
35 210 4673
150 533 4677
150 533 4678
123 253 4683
123 253 4684
150 533 4687
150 533 4688
150 533 4694
150 533 4695
50 131 4696
150 533 4696
50 131 4700
150 533 4700
50 131 4701
50 131 4702
150 533 4702
50 131 4703
150 533 4703
50 131 4704
150 533 4704
50 131 4705
150 533 4705
50 131 4707
150 533 4708
50 131 4709
150 533 4710
50 131 4711
123 253 4711
119 778 4712
150 533 4712
123 223 4713
123 223 4714
123 223 4715
448 499 4716
116 778 4718
123 223 4718
778 845 4719
123 223 4719
123 223 4721
119 448 4722
150 533 4722
123 223 4722
150 533 4723
123 223 4723
222 267 4724
123 223 4724
119 448 4725
222 267 4725
123 223 4725
119 448 4726
150 533 4726
123 223 4726
150 533 4727
271 499 4727
123 223 4727
150 533 4728
123 223 4728
123 223 4729
150 533 4730
123 223 4730
134 285 4731
123 223 4731
150 533 4732
123 223 4732
123 223 4733
134 285 4734
123 223 4734
134 285 4735
123 223 4735
123 223 4736
116 335 4737
123 223 4737
116 335 4738
116 762 4738
134 285 4738
131 242 4738
123 223 4738
123 223 4739
123 223 4740
123 223 4741
123 223 4742
123 223 4743
123 223 4744
131 242 4745
123 223 4745
123 223 4746
123 223 4747
271 601 4748
123 223 4748
123 223 4749
123 223 4750
123 223 4751
123 223 4752
134 285 4753
123 223 4753
134 285 4754
123 223 4754
123 223 4755
119 211 4756
123 223 4756
123 223 4757
123 223 4758
120 196 4759
123 223 4759
120 196 4760
131 150 4760
123 223 4760
120 196 4761
131 150 4761
123 223 4761
120 196 4762
131 150 4762
123 223 4762
120 196 4763
131 150 4763
123 223 4763
131 150 4764
123 223 4764
131 150 4765
134 285 4766
511 762 4766
131 150 4766
15 123 4767
131 150 4767
15 123 4768
131 150 4768
131 150 4769
131 150 4770
131 150 4771
131 150 4772
120 196 4773
131 150 4773
120 196 4774
131 150 4774
271 533 4774
120 196 4775
131 150 4775
271 533 4775
131 150 4776
131 271 4777
150 271 4777
131 150 4777
150 271 4778
150 271 4779
150 271 4780
150 271 4781
150 271 4782
150 271 4783
222 267 4784
150 271 4784
222 267 4785
150 271 4785
150 271 4788
150 271 4789
150 271 4796
150 271 4797
150 271 4798
222 267 4799
150 271 4799
150 271 4800
150 271 4801
131 185 4820
271 492 4831
211 268 4852
120 494 4857
120 494 4858
120 494 4859
120 494 4860
120 494 4861
120 494 4862
120 494 4863
120 494 4864
120 494 4865
120 494 4866
120 494 4867
120 494 4868
120 494 4869
120 494 4870
120 494 4871
120 494 4872
285 875 4873
120 494 4873
120 494 4874
120 494 4875
119 448 4878
120 494 4878
119 448 4879
120 494 4887
120 494 4888
120 494 4889
120 494 4890
120 494 4891
222 267 4894
120 494 4894
511 771 4895
120 494 4895
120 494 4896
209 875 4899
154 939 4903
335 771 4907
95 120 4910
95 120 4911
95 120 4912
95 205 4913
119 804 4916
95 205 4923
95 311 4930
95 311 4934
95 311 4935
95 311 4937
95 311 4938
95 311 4939
95 311 4940
95 311 4941
95 311 4942
95 311 4943
95 311 4944
120 196 4945
95 311 4945
95 311 4946
95 311 4947
95 311 4948
95 311 4949
95 311 4950
95 311 4951
95 311 4952
95 311 4953
95 311 4954
95 311 4955
95 311 4956
95 311 4957
95 311 4958
119 448 4959
95 311 4959
95 311 4960
95 311 4961
95 311 4962
95 311 4963
95 311 4964
95 311 4965
95 311 4966
95 311 4967
95 311 4968
95 311 4969
119 448 4970
95 311 4970
95 311 4971
95 311 4972
95 311 4973
95 311 4974
95 311 4975
95 311 4976
95 311 4977
95 311 4978
95 311 4979
95 311 4980
95 311 4981
95 311 4982
95 311 4983
119 448 4984
95 311 4984
119 448 4985
95 311 4985
95 311 4986
119 448 4987
95 311 4987
95 311 4988
95 311 4989
95 311 4990
95 311 4991
119 448 4992
95 311 4992
95 311 4993
95 311 4994
95 311 4995
95 311 4996
95 311 4997
95 311 4998
119 762 4999
119 762 5001
119 762 5002
119 762 5006
95 311 5007
95 311 5008
95 311 5009
95 311 5010
95 311 5011
95 311 5012
95 311 5013
95 311 5014
95 311 5015
95 311 5016
95 311 5017
95 311 5018
95 311 5019
95 311 5020
131 778 5021
95 311 5021
95 311 5022
335 762 5033
335 762 5036
63 481 5061
63 481 5065
131 751 5098
79 222 5102
762 771 5128
80 826 5135
79 826 5135
271 481 5146
762 771 5147
762 771 5148
494 765 5182
762 771 5224
335 771 5225
196 311 5229
196 311 5235
196 311 5237
196 311 5245
63 481 5247
63 481 5248
63 481 5249
335 771 5252
762 771 5252
63 481 5255
63 481 5256
196 223 5257
63 481 5257
196 311 5257
196 223 5258
63 481 5258
196 311 5258
63 481 5259
63 481 5260
63 481 5261
63 481 5262
63 481 5263
63 481 5265
196 311 5267
63 481 5268
63 481 5269
196 223 5270
196 311 5271
63 481 5272
223 311 5272
63 481 5273
196 311 5273
63 481 5274
63 481 5275
63 481 5276
196 311 5276
63 481 5277
265 751 5278
63 481 5278
265 751 5279
63 481 5279
265 751 5280
63 481 5280
265 751 5281
63 481 5281
63 481 5282
196 223 5283
196 223 5284
63 481 5284
196 223 5285
63 481 5285
196 223 5286
63 481 5286
196 223 5287
63 481 5287
196 223 5288
63 481 5288
56 265 5288
265 751 5289
196 223 5289
63 481 5289
196 223 5290
63 481 5290
196 223 5291
63 481 5291
196 223 5292
63 481 5292
196 223 5293
63 481 5293
196 223 5294
63 481 5294
751 778 5294
63 481 5295
63 481 5296
63 481 5297
56 205 5297
95 223 5297
63 481 5298
56 205 5298
63 481 5299
56 205 5299
265 751 5300
271 601 5300
153 492 5300
56 205 5300
271 601 5301
63 481 5301
56 819 5302
210 826 5302
17 496 5302
265 751 5303
63 481 5303
63 481 5304
265 751 5305
63 481 5305
120 267 5305
265 751 5306
63 481 5306
448 939 5306
63 481 5307
56 819 5308
63 481 5308
80 153 5308
63 481 5309
209 210 5309
39 79 5310
63 481 5310
63 481 5311
63 481 5312
153 271 5314
56 819 5315
56 819 5316
196 223 5317
63 481 5318
63 481 5323
56 205 5325
56 205 5326
56 819 5327
196 223 5327
63 481 5327
196 223 5328
56 819 5329
196 223 5329
63 481 5329
196 223 5330
63 481 5330
196 223 5331
63 481 5331
196 223 5332
63 481 5332
196 223 5333
63 481 5333
196 223 5334
63 481 5334
196 223 5335
63 481 5335
63 481 5336
63 481 5337
63 116 5338
194 311 5340
63 116 5340
63 116 5341
120 205 5342
63 116 5342
63 116 5343
63 481 5344
120 494 5344
63 116 5344
56 786 5345
63 116 5345
56 786 5346
120 494 5346
63 481 5347
63 116 5347
63 481 5348
63 116 5348
63 481 5349
63 116 5349
63 481 5350
120 494 5350
63 116 5350
63 481 5351
120 494 5351
63 116 5351
63 481 5352
120 494 5352
63 116 5352
196 222 5352
63 481 5353
63 116 5353
120 494 5354
196 222 5354
120 494 5355
120 494 5356
63 116 5356
120 494 5357
120 494 5358
63 481 5359
120 494 5359
63 116 5360
63 481 5361
120 494 5361
63 116 5361
63 481 5362
123 253 5362
120 494 5362
63 116 5362
63 481 5363
63 116 5363
63 481 5364
63 116 5364
63 116 5365
63 481 5366
63 116 5366
63 481 5367
63 116 5367
63 481 5368
120 494 5368
63 116 5368
63 481 5369
80 311 5369
120 494 5369
63 116 5369
63 481 5370
120 494 5370
63 116 5370
63 481 5371
271 492 5371
120 494 5371
63 116 5371
63 481 5372
153 271 5372
120 494 5372
63 116 5372
63 481 5373
120 494 5373
63 116 5373
120 494 5374
63 116 5374
63 481 5375
120 494 5375
63 116 5375
222 223 5376
120 494 5376
63 116 5376
63 481 5377
153 271 5377
120 494 5377
222 311 5378
120 494 5378
222 311 5379
116 222 5379
95 194 5379
119 448 5380
95 194 5380
119 448 5381
95 194 5381
222 431 5382
119 448 5382
63 481 5382
95 194 5382
119 448 5383
335 762 5386
63 481 5387
63 481 5388
63 481 5389
63 481 5390
335 762 5390
63 481 5391
63 481 5393
56 819 5395
63 481 5395
56 194 5395
56 819 5396
63 481 5396
56 194 5396
63 481 5397
63 481 5398
63 481 5400
63 481 5402
265 751 5404
95 253 5406
123 172 5407
123 172 5408
335 762 5409
63 499 5411
335 762 5411
63 499 5412
335 762 5412
63 499 5414
335 762 5414
335 762 5415
102 335 5422
265 335 5424
335 762 5424
102 335 5427
153 492 5436
153 492 5439
153 492 5440
335 762 5451
118 804 5453
194 311 5453
80 335 5465
80 335 5481
265 826 5487
751 804 5494
751 804 5495
751 804 5496
751 804 5497
751 804 5498
265 826 5499
751 804 5499
268 804 5500
751 804 5500
268 804 5501
751 804 5501
268 804 5502
751 804 5502
268 751 5502
335 762 5505
335 762 5506
154 285 5524
268 751 5526
335 771 5531
267 939 5532
311 496 5534
335 771 5534
275 335 5535
275 335 5536
275 335 5537
311 496 5538
275 335 5538
311 496 5539
311 496 5540
311 496 5541
311 496 5542
762 771 5542
311 496 5543
771 784 5543
762 784 5543
311 496 5544
311 496 5545
311 496 5546
311 496 5547
311 496 5548
153 492 5560
762 784 5564
311 496 5567
311 496 5568
311 496 5569
311 496 5570
265 804 5570
335 762 5570
335 762 5573
804 938 5577
804 938 5578
804 938 5579
804 938 5580
804 938 5581
311 496 5583
311 496 5584
804 938 5585
311 496 5585
804 938 5586
311 496 5586
311 496 5588
311 496 5589
80 771 5589
804 938 5590
311 496 5590
311 496 5592
222 826 5593
311 496 5593
154 499 5607
120 494 5608
154 499 5608
120 494 5609
222 826 5610
95 265 5618
95 265 5619
95 265 5620
120 819 5628
153 271 5639
172 196 5640
153 271 5640
153 271 5641
120 819 5642
153 271 5642
120 819 5643
153 271 5643
63 481 5643
153 271 5644
63 481 5644
153 271 5645
153 271 5646
153 271 5647
804 938 5648
153 271 5648
185 265 5650
185 265 5651
63 481 5651
63 481 5652
120 819 5653
120 819 5654
120 819 5655
120 819 5656
120 819 5657
35 845 5657
153 271 5657
120 819 5658
153 271 5659
265 826 5660
63 481 5663
153 154 5664
63 481 5668
120 819 5676
240 938 5686
240 938 5687
102 762 5724
172 196 5737
17 875 5754
120 172 5758
120 172 5759
17 335 5760
17 335 5762
17 335 5764
17 335 5765
172 196 5770
17 335 5770
172 196 5771
17 335 5771
48 875 5773
17 335 5774
17 335 5775
194 311 5786
17 762 5788
17 762 5789
194 311 5792
194 311 5793
194 311 5794
194 311 5795
194 311 5796
194 311 5798
194 311 5799
194 311 5800
120 494 5808
205 311 5809
240 938 5811
311 819 5811
153 271 5812
240 938 5813
205 819 5814
311 496 5815
95 496 5815
205 819 5815
95 223 5816
95 223 5817
223 819 5826
223 819 5827
223 819 5828
223 496 5829
223 819 5830
153 271 5830
223 819 5832
223 496 5832
223 819 5833
223 819 5834
223 819 5835
223 496 5835
223 819 5836
223 496 5836
150 481 5836
223 819 5837
223 819 5838
223 819 5839
223 496 5839
311 496 5843
223 496 5843
223 496 5844
223 496 5845
153 271 5845
223 496 5846
223 496 5847
223 496 5848
153 492 5849
223 819 5850
223 496 5850
153 492 5850
223 496 5851
223 496 5852
223 819 5852
223 496 5853
223 819 5854
223 496 5854
223 819 5855
223 496 5855
223 819 5856
223 819 5857
223 819 5858
223 496 5858
223 819 5859
223 496 5862
223 819 5863
223 496 5863
120 494 5863
223 496 5864
223 819 5864
496 819 5865
120 494 5866
496 819 5867
496 819 5868
223 496 5874
223 496 5875
153 271 5891
153 271 5896
153 271 5898
153 271 5899
153 271 5902
153 271 5903
153 271 5908
153 271 5912
153 271 5913
153 271 5919
153 271 5920
153 271 5921
268 845 5923
153 271 5928
153 271 5929
153 271 5930
153 271 5931
153 271 5933
153 271 5938
118 209 5946
265 826 5954
153 271 5954
265 826 5955
265 826 5959
265 826 5960
265 826 5970
265 826 5971
265 826 5972
265 826 5973
265 826 5974
265 826 5975
265 826 5976
153 271 5978
153 271 5979
153 271 5980
131 826 5980
265 826 5981
131 826 5983
153 271 5984
153 271 5985
153 271 5987
153 271 5991
153 271 5992
153 271 5993
153 271 5994
153 271 5997
153 271 5998
153 271 5999
35 826 6001
153 987 6003
271 492 6004
153 271 6004
153 271 6005
153 271 6006
15 223 6010
153 271 6014
15 223 6015
15 223 6016
15 223 6017
153 271 6017
15 223 6018
15 223 6019
153 271 6022
153 271 6023
153 271 6024
194 311 6025
153 271 6025
153 271 6026
153 271 6027
153 271 6028
194 242 6029
153 271 6029
153 271 6030
153 271 6031
153 271 6032
153 271 6033
153 271 6034
153 271 6035
153 271 6036
153 271 6037
153 271 6038
153 271 6041
153 271 6042
153 271 6043
153 271 6044
153 271 6045
194 311 6046
153 271 6046
153 271 6047
194 311 6048
153 271 6048
153 271 6049
15 95 6050
153 271 6050
15 95 6051
153 271 6051
15 95 6052
153 271 6052
15 95 6053
15 95 6054
15 95 6055
153 271 6055
15 95 6056
15 95 6057
15 95 6058
15 95 6059
15 95 6060
153 271 6060
63 481 6060
153 271 6063
153 271 6064
153 271 6065
63 481 6065
63 481 6067
153 271 6070
153 271 6071
153 271 6072
153 271 6078
153 271 6079
153 271 6081
153 271 6084
153 271 6085
153 271 6086
153 271 6087
153 271 6088
153 271 6089
153 271 6091
153 271 6092
153 271 6093
153 271 6095
751 778 6105
17 335 6105
154 271 6109
153 271 6109
154 271 6110
153 154 6110
153 154 6114
153 499 6116
120 196 6116
154 271 6117
153 499 6117
153 154 6119
154 271 6120
153 154 6120
154 271 6121
154 271 6123
153 154 6131
153 154 6132
153 154 6134
154 492 6134
123 253 6134
123 253 6137
123 253 6139
242 311 6141
154 492 6141
123 253 6141
154 492 6142
154 492 6144
154 492 6145
154 492 6146
242 311 6148
153 154 6148
154 492 6148
153 154 6149
153 154 6150
153 154 6151
153 154 6152
275 285 6155
79 285 6158
120 494 6159
120 494 6160
448 533 6182
448 533 6183
119 533 6193
119 448 6193
119 533 6194
119 448 6194
119 448 6195
448 533 6197
448 533 6198
271 533 6199
271 533 6200
39 113 8754
39 113 8755
29 120 8777
79 123 8784
79 123 8785
211 778 8785
79 123 8786
273 778 8786
79 123 8787
79 123 8788
268 778 8788
79 123 8789
79 123 8790
79 123 8791
79 123 8792
79 123 8793
79 123 8794
79 123 8797
778 804 8797
79 123 8798
778 804 8798
79 123 8799
79 123 8800
79 123 8803
39 113 8805
39 113 8806
79 123 8807
113 120 8807
29 39 8808
39 113 8808
79 123 8809
39 113 8809
79 123 8810
273 778 8811
273 778 8812
29 120 8812
79 123 8813
273 778 8813
29 120 8813
29 120 8814
39 113 8817
39 113 8818
39 113 8819
120 494 8820
39 113 8820
39 113 8821
39 113 8822
39 113 8823
265 826 8824
39 113 8824
211 265 8827
184 265 8829
120 196 8853
29 662 8853
120 172 8864
29 662 8867
120 172 8868
29 662 8869
29 662 8870
29 662 8871
481 709 8872
268 778 8879
778 826 8881
50 826 8885
131 184 8900
50 771 8901
50 335 8901
150 209 8901
50 335 8902
184 268 8902
150 709 8903
50 771 8904
118 268 8904
184 804 8904
184 804 8905
268 804 8905
184 268 8905
209 804 8905
184 845 8906
184 268 8906
184 268 8907
184 268 8908
184 268 8909
184 268 8910
118 184 8910
275 845 8911
184 268 8911
275 845 8912
275 804 8912
184 268 8912
184 268 8913
211 778 8913
184 268 8914
184 268 8915
184 268 8916
118 184 8916
184 268 8917
275 845 8919
275 804 8919
492 601 8920
492 601 8921
492 601 8922
50 771 8924
492 601 8925
492 601 8926
118 184 8928
275 804 8928
153 709 8929
275 804 8929
804 845 8929
275 804 8930
153 448 8930
804 845 8932
211 778 8933
275 804 8934
211 778 8934
205 223 8935
275 804 8935
211 778 8935
205 223 8936
211 778 8936
268 804 8937
211 778 8937
211 778 8938
205 223 8939
211 778 8939
211 778 8940
211 778 8941
211 778 8942
211 778 8943
118 184 8943
211 778 8944
118 184 8944
211 778 8945
211 778 8946
211 778 8947
205 223 8948
211 778 8948
118 184 8948
118 184 8949
211 778 8949
118 184 8950
211 778 8950
211 778 8951
211 778 8952
211 778 8954
211 778 8955
205 223 8956
211 778 8956
211 778 8957
211 778 8958
205 223 8958
211 778 8959
211 778 8960
211 778 8961
15 123 8966
15 123 8967
275 804 8972
211 222 8974
751 778 8979
273 778 8980
751 778 8980
275 845 8980
273 778 8981
273 778 8982
17 101 8986
17 101 8987
153 492 8990
15 123 8996
275 804 8997
275 804 8999
265 826 9010
265 826 9011
265 826 9012
804 845 9030
116 211 9033
118 184 9033
116 211 9035
118 184 9035
273 778 9036
273 778 9037
804 845 9038
804 845 9039
116 265 9039
804 845 9040
120 172 9040
15 123 9041
15 123 9042
118 184 9042
15 123 9045
273 778 9046
184 268 9050
275 845 9050
275 804 9051
184 804 9051
118 804 9051
184 268 9051
184 268 9055
15 123 9062
15 123 9063
15 123 9064
15 123 9065
15 123 9066
273 778 9066
15 123 9067
35 804 9067
184 268 9068
273 778 9078
751 778 9078
17 50 9087
105 113 9091
105 113 9092
105 113 9097
39 79 9098
105 113 9098
211 778 9099
105 113 9099
105 113 9100
105 113 9102
95 116 9104
105 113 9104
105 113 9105
21 101 9105
116 778 9107
105 113 9109
105 113 9110
105 113 9111
105 113 9112
105 113 9113
105 113 9114
105 113 9115
105 113 9116
105 113 9117
153 492 9118
105 113 9118
105 113 9119
105 113 9120
105 113 9121
105 113 9122
105 113 9123
105 113 9124
105 113 9125
105 113 9126
105 113 9127
105 113 9136
105 113 9137
105 113 9138
105 113 9139
105 113 9140
105 113 9141
105 113 9142
105 113 9143
105 113 9144
105 113 9145
105 113 9147
105 113 9148
105 113 9149
105 113 9150
105 113 9151
105 113 9156
105 113 9157
105 113 9161
15 123 9163
804 845 9168
778 845 9168
804 845 9169
804 845 9171
105 113 9172
804 845 9172
105 113 9173
105 113 9174
105 113 9175
105 113 9177
105 113 9178
105 113 9179
120 172 9180
120 172 9181
120 172 9182
120 172 9183
778 845 9184
120 172 9184
105 113 9185
120 172 9185
105 113 9187
105 113 9188
105 113 9189
105 113 9190
105 113 9191
105 113 9196
105 113 9197
105 113 9198
105 113 9199
105 113 9200
105 113 9201
778 845 9202
105 113 9202
105 113 9203
184 751 9204
105 113 9204
105 113 9205
105 113 9206
105 113 9207
105 113 9208
105 113 9209
105 113 9210
184 751 9210
105 113 9211
21 101 9213
105 113 9214
105 113 9218
21 101 9219
105 113 9224
105 113 9225
184 751 9226
63 709 9232
205 939 9237
184 751 9238
205 939 9238
205 939 9239
184 751 9241
184 751 9242
184 751 9243
205 939 9243
184 751 9244
205 939 9244
184 751 9245
205 939 9245
184 751 9246
105 113 9246
205 939 9246
184 751 9247
105 113 9247
105 113 9248
105 113 9249
105 113 9250
105 113 9252
105 113 9253
105 113 9254
778 845 9255
120 172 9255
105 113 9257
105 113 9258
105 113 9260
105 113 9261
120 172 9262
105 113 9263
105 113 9265
172 196 9272
172 196 9273
105 113 9283
105 113 9287
265 826 9290
105 113 9290
105 113 9294
778 845 9295
105 113 9295
105 113 9296
105 113 9297
105 113 9298
105 113 9300
63 481 9301
105 113 9302
222 267 9303
153 448 9303
105 113 9303
105 113 9304
105 113 9305
105 113 9306
105 113 9307
105 113 9312
63 709 9339
63 709 9340
63 481 9343
150 153 9374
153 601 9383
17 50 9394
17 50 9395
17 50 9396
179 335 9405
50 209 9407
50 209 9408
50 209 9409
17 209 9409
21 80 9413
311 662 9416
80 662 9423
311 662 9426
496 662 9426
335 771 9428
335 771 9429
335 771 9430
335 771 9431
80 311 9431
335 771 9432
311 662 9433
335 771 9434
335 771 9435
335 771 9436
335 771 9437
335 771 9438
63 499 9447
63 481 9447
63 709 9454
481 709 9454
79 804 9455
63 481 9456
63 709 9457
63 481 9458
63 709 9459
481 709 9460
63 709 9461
63 709 9462
265 826 9463
184 265 9463
63 709 9463
265 804 9464
63 709 9475
79 222 9484
79 222 9485
79 222 9486
79 222 9487
63 481 9487
79 222 9488
79 222 9489
79 222 9497
79 222 9500
63 709 9517
153 492 9517
153 492 9526
153 492 9527
63 709 9535
63 709 9539
63 709 9540
63 709 9547
63 481 9556
63 709 9558
63 481 9558
63 481 9559
29 95 9561
29 95 9562
50 265 9569
21 101 9570
21 101 9574
21 101 9575
21 179 9576
63 709 9576
153 492 9576
63 481 9576
265 751 9577
63 481 9577
63 481 9578
63 709 9579
63 709 9580
335 771 9582
662 826 9583
311 826 9583
662 771 9584
662 751 9584
311 771 9584
311 335 9584
101 662 9584
335 771 9585
265 751 9587
751 826 9588
209 751 9589
118 209 9592
63 709 9593
21 101 9595
222 601 9598
222 601 9599
63 709 9600
222 601 9600
63 481 9618
63 481 9620
63 481 9622
119 335 9637
119 335 9638
119 335 9639
119 335 9640
119 335 9647
63 116 9653
63 116 9654
63 116 9655
63 116 9656
63 481 9656
63 709 9657
481 709 9657
63 116 9657
63 481 9658
63 709 9658
63 116 9658
63 116 9659
116 709 9659
63 116 9660
116 709 9660
63 709 9661
63 116 9661
63 709 9662
223 496 9662
63 116 9662
63 709 9663
63 709 9665
63 709 9666
63 116 9666
63 709 9667
116 709 9667
63 116 9667
63 709 9669
63 709 9670
63 709 9671
63 709 9672
63 709 9673
63 116 9673
265 751 9675
63 709 9675
179 875 9683
179 875 9684
17 771 9685
116 211 9689
116 211 9690
116 211 9692
116 265 9693
116 211 9693
63 116 9697
311 662 9697
481 709 9698
63 709 9699
481 709 9699
63 709 9700
63 116 9700
63 709 9701
116 709 9701
481 709 9703
63 481 9703
29 95 9704
63 709 9704
63 481 9704
63 709 9705
29 95 9705
29 222 9706
63 709 9706
481 499 9709
79 222 9709
153 492 9710
79 222 9710
153 492 9711
153 492 9714
153 492 9715
21 101 9715
63 709 9716
153 492 9718
153 492 9719
63 709 9721
63 709 9722
448 492 9722
63 154 9725
63 154 9726
153 492 9728
492 499 9730
153 481 9730
63 153 9730
481 709 9740
153 492 9743
153 492 9746
153 492 9752
29 39 9759
29 39 9760
29 39 9761
29 39 9763
153 492 9764
153 492 9765
153 492 9768
63 153 9778
29 39 9779
29 39 9780
29 39 9781
63 154 9781
29 39 9782
29 39 9783
29 39 9784
29 39 9785
29 39 9786
63 601 9786
63 601 9787
29 39 9788
63 150 9788
63 601 9788
29 39 9789
29 39 9790
15 223 9792
29 39 9795
29 39 9796
153 492 9796
29 39 9797
153 492 9797
17 771 9801
153 492 9804
153 492 9805
153 492 9806
153 492 9807
153 492 9808
153 492 9809
153 492 9810
153 492 9811
153 492 9812
153 492 9813
153 492 9814
29 39 9818
153 492 9818
265 875 9822
29 39 9824
153 709 9824
153 709 9825
29 39 9826
153 709 9826
153 709 9827
265 826 9828
29 39 9832
29 39 9835
153 709 9847
153 709 9848
63 481 9850
63 481 9851
63 481 9852
153 492 9853
63 481 9853
63 481 9854
153 492 9860
153 492 9861
275 804 9862
153 492 9862
116 709 9862
153 492 9863
153 492 9864
275 804 9866
153 492 9879
153 492 9888
265 826 9901
265 826 9902
265 826 9903
153 492 9908
153 492 9910
153 492 9928
265 826 9935
265 826 9939
153 492 9940
153 492 9969
153 492 9993
63 709 10002
153 492 10009
29 116 10009
63 95 10019
116 211 10020
29 95 10021
116 211 10021
29 95 10022
29 95 10023
492 601 10064
492 601 10066
492 601 10067
492 601 10068
492 601 10069
492 601 10070
492 601 10071
492 601 10072
492 601 10073
492 601 10074
492 601 10075
492 601 10077
492 601 10078
492 601 10079
492 601 10082
492 601 10083
492 601 10084
492 601 10085
492 601 10086
492 601 10087
492 601 10088
492 601 10089
63 709 10089
492 601 10090
492 601 10093
492 601 10094
268 826 10101
268 826 10102
223 496 10114
223 496 10115
223 496 10117
223 496 10118
223 496 10119
150 709 10119
223 496 10120
150 709 10120
153 601 10120
29 95 10121
223 496 10121
153 601 10121
150 709 10121
29 95 10122
223 496 10122
153 601 10122
150 709 10122
29 95 10123
223 496 10123
150 709 10123
119 804 10124
223 496 10124
223 496 10125
223 496 10126
153 601 10126
223 496 10128
153 601 10128
223 496 10129
153 601 10129
17 771 10129
223 496 10130
153 601 10130
223 496 10131
153 601 10131
223 496 10132
223 496 10133
223 496 10134
223 496 10135
223 496 10136
223 496 10138
223 496 10139
275 826 10144
804 826 10145
223 496 10146
275 804 10147
223 496 10148
223 496 10149
223 496 10150
184 751 10150
184 751 10151
223 496 10152
223 496 10153
223 496 10154
223 496 10155
184 751 10155
223 496 10156
184 751 10156
223 496 10157
223 496 10158
223 496 10159
184 751 10160
184 751 10161
184 751 10162
116 150 10163
184 751 10163
184 751 10164
268 751 10165
184 751 10165
184 268 10165
184 751 10166
184 751 10167
79 222 10167
184 751 10168
131 826 10168
184 751 10169
184 751 10170
184 751 10171
268 751 10172
184 751 10172
268 751 10173
184 751 10173
184 268 10173
268 751 10174
184 751 10174
184 751 10175
184 751 10176
268 751 10177
184 751 10178
268 751 10179
184 751 10179
184 268 10179
268 751 10180
184 751 10180
268 751 10181
184 751 10181
268 751 10182
184 268 10189
184 268 10190
116 709 10216
268 751 10223
184 751 10237
184 268 10248
184 268 10249
50 265 10254
481 709 10273
184 751 10275
184 751 10277
184 751 10281
184 751 10282
184 751 10285
123 222 10324
123 222 10325
123 222 10328
123 222 10331
123 222 10332
153 492 10336
265 826 10348
172 819 10357
265 826 10359
153 492 10380
265 826 10400
265 826 10403
265 826 10408
29 513 10421
153 492 10434
153 492 10439
95 222 10490
95 222 10491
95 222 10492
95 120 10493
95 120 10494
95 120 10495
95 120 10496
95 120 10497
95 120 10498
95 120 10499
95 120 10500
95 120 10501
95 120 10502
95 120 10503
95 120 10504
95 120 10505
95 120 10506
95 120 10508
95 120 10509
95 120 10510
95 120 10511
95 120 10512
95 120 10513
95 120 10514
95 120 10515
102 131 10574
268 845 10580
