1	1	2	0.100000	0.100000
1	1	3	0.100000	0.100000
1	1	4	0.100000	0.100000
1	4	3	0.100000	0.100000
1	4	5	0.100000	0.100000
1	5	3	0.100000	0.100000
1	6	3	0.100000	0.100000
1	7	8	0.100000	0.100000
1	7	10	0.100000	0.100000
1	9	8	0.100000	0.100000
1	9	11	0.100000	0.100000
2	1	3	0.100000	0.100000
2	2	8	0.100000	0.100000
2	2	16	0.100000	0.100000
2	2	19	0.100000	0.100000
2	2	13	0.100000	0.100000
2	2	18	0.100000	0.100000
2	6	20	0.100000	0.100000
2	6	16	0.100000	0.100000
2	7	8	0.100000	0.100000
2	7	14	0.100000	0.100000
2	7	19	0.100000	0.100000
2	7	2	0.100000	0.100000
2	7	16	0.100000	0.100000
2	7	15	0.100000	0.100000
2	7	10	0.100000	0.100000
2	7	17	0.100000	0.100000
2	9	11	0.100000	0.100000
2	9	8	0.100000	0.100000
2	9	7	0.100000	0.100000
2	9	14	0.100000	0.100000
2	9	2	0.100000	0.100000
2	9	16	0.100000	0.100000
2	9	18	0.100000	0.100000
2	9	17	0.100000	0.100000
2	10	8	0.100000	0.100000
2	10	15	0.100000	0.100000
2	10	17	0.100000	0.100000
2	10	16	0.100000	0.100000
2	10	5	0.100000	0.100000
2	10	6	0.100000	0.100000
2	12	13	0.100000	0.100000
2	12	14	0.100000	0.100000
2	12	10	0.100000	0.100000
2	12	16	0.100000	0.100000
2	12	6	0.100000	0.100000
2	13	8	0.100000	0.100000
2	14	8	0.100000	0.100000
2	14	16	0.100000	0.100000
2	14	2	0.100000	0.100000
2	15	14	0.100000	0.100000
2	15	8	0.100000	0.100000
2	15	16	0.100000	0.100000
2	15	17	0.100000	0.100000
2	16	8	0.100000	0.100000
2	17	18	0.100000	0.100000
2	17	16	0.100000	0.100000
2	17	8	0.100000	0.100000
2	19	21	0.100000	0.100000
3	1	3	0.100000	0.100000
3	1	20	0.100000	0.100000
3	1	5	0.100000	0.100000
3	5	3	0.100000	0.100000
3	6	3	0.100000	0.100000
3	6	1	0.100000	0.100000
3	10	3	0.100000	0.100000
3	10	6	0.100000	0.100000
3	10	19	0.100000	0.100000
3	10	15	0.100000	0.100000
3	10	16	0.100000	0.100000
3	12	3	0.100000	0.100000
3	12	1	0.100000	0.100000
3	12	21	0.100000	0.100000
3	12	10	0.100000	0.100000
3	12	16	0.100000	0.100000
3	16	21	0.100000	0.100000
3	16	22	0.100000	0.100000
3	19	3	0.100000	0.100000
3	19	15	0.100000	0.100000
3	19	22	0.100000	0.100000
3	19	23	0.100000	0.100000
3	19	16	0.100000	0.100000
3	20	3	0.100000	0.100000
4	1	3	0.100000	0.100000
4	1	16	0.100000	0.100000
4	1	24	0.100000	0.100000
4	1	25	0.100000	0.100000
4	1	4	0.100000	0.100000
4	4	3	0.100000	0.100000
4	5	4	0.100000	0.100000
4	5	3	0.100000	0.100000
4	5	22	0.100000	0.100000
4	5	1	0.100000	0.100000
4	5	20	0.100000	0.100000
4	5	6	0.100000	0.100000
4	6	3	0.100000	0.100000
4	6	22	0.100000	0.100000
4	6	25	0.100000	0.100000
4	6	1	0.100000	0.100000
4	6	4	0.100000	0.100000
4	12	3	0.100000	0.100000
4	12	5	0.100000	0.100000
4	12	4	0.100000	0.100000
4	15	26	0.100000	0.100000
4	15	22	0.100000	0.100000
4	16	22	0.100000	0.100000
4	16	3	0.100000	0.100000
4	16	21	0.100000	0.100000
4	16	27	0.100000	0.100000
4	19	21	0.100000	0.100000
4	19	16	0.100000	0.100000
4	19	27	0.100000	0.100000
4	20	3	0.100000	0.100000
4	27	3	0.100000	0.100000
5	1	3	0.100000	0.100000
5	1	4	0.100000	0.100000
5	1	19	0.100000	0.100000
5	34	3	0.100000	0.100000
5	4	3	0.100000	0.100000
5	4	20	0.100000	0.100000
5	4	19	0.100000	0.100000
5	5	3	0.100000	0.100000
5	5	1	0.100000	0.100000
5	5	19	0.100000	0.100000
5	5	22	0.100000	0.100000
5	5	4	0.100000	0.100000
5	5	32	0.100000	0.100000
5	33	3	0.100000	0.100000
5	12	21	0.100000	0.100000
5	12	16	0.100000	0.100000
5	12	28	0.100000	0.100000
5	12	19	0.100000	0.100000
5	12	15	0.100000	0.100000
5	12	4	0.100000	0.100000
5	12	5	0.100000	0.100000
5	15	29	0.100000	0.100000
5	16	21	0.100000	0.100000
5	16	3	0.100000	0.100000
5	16	30	0.100000	0.100000
5	16	31	0.100000	0.100000
5	16	29	0.100000	0.100000
5	19	28	0.100000	0.100000
5	19	16	0.100000	0.100000
5	19	26	0.100000	0.100000
5	20	3	0.100000	0.100000
5	20	29	0.100000	0.100000
5	20	34	0.100000	0.100000
5	21	26	0.100000	0.100000
5	21	30	0.100000	0.100000
5	21	29	0.100000	0.100000
5	27	21	0.100000	0.100000
5	27	26	0.100000	0.100000
5	27	16	0.100000	0.100000
5	27	30	0.100000	0.100000
5	27	29	0.100000	0.100000
5	28	24	0.100000	0.100000