24	28	0.0012
28	24	0.0016
18	9	0.0024
11	9	0.0025
18	17	0.0027
18	2	0.0042
13	2	0.0042
9	18	0.0047
9	11	0.0049
13	8	0.0049
9	17	0.0053
17	18	0.0054
17	9	0.0056
9	14	0.0057
9	2	0.0062
14	9	0.0067
9	8	0.0067
30	27	0.0072
26	27	0.0072
17	8	0.0072
14	2	0.0076
2	13	0.0079
29	27	0.0080
2	9	0.0080
14	8	0.0081
9	7	0.0082
2	18	0.0083
2	14	0.0084
17	7	0.0086
8	9	0.0092
2	8	0.0093
14	7	0.0094
8	13	0.0095
8	17	0.0095
8	14	0.0098
26	15	0.0101
8	2	0.0102
29	15	0.0104
2	7	0.0105
17	15	0.0108
8	7	0.0115
14	15	0.0115
7	9	0.0126
7	17	0.0127
7	14	0.0129
26	21	0.0129
30	21	0.0129
7	2	0.0132
27	29	0.0132
7	8	0.0132
27	26	0.0133
29	21	0.0133
27	30	0.0134
8	15	0.0136
7	15	0.0162
34	20	0.0175
29	20	0.0177
15	17	0.0179
15	14	0.0180
15	8	0.0185
15	29	0.0185
15	26	0.0186
27	21	0.0192
15	7	0.0193
22	15	0.0214
15	22	0.0217
21	29	0.0244
21	26	0.0248
21	30	0.0250
21	27	0.0252
17	10	0.0280
8	10	0.0295
7	10	0.0314
20	29	0.0332
20	34	0.0339
15	10	0.0354
26	19	0.0397
2	19	0.0398
28	19	0.0400
27	19	0.0409
25	6	0.0412
23	19	0.0415
7	19	0.0419
15	19	0.0436
22	19	0.0437
22	6	0.0453
21	19	0.0497
10	15	0.0532
10	7	0.0542
10	8	0.0546
10	17	0.0553
20	6	0.0559
14	12	0.0650
20	4	0.0672
13	12	0.0683
28	12	0.0686
15	12	0.0700
10	6	0.0707
10	19	0.0722
19	27	0.0730
19	22	0.0730
19	21	0.0735
21	12	0.0736
19	15	0.0737
19	7	0.0753
19	2	0.0755
6	22	0.0758
2	16	0.0763
8	16	0.0764
14	16	0.0765
17	16	0.0768
7	16	0.0770
9	16	0.0771
19	26	0.0774
19	28	0.0778
6	20	0.0784
15	16	0.0784
29	16	0.0789
6	25	0.0803
19	23	0.0807
30	16	0.0809
27	16	0.0810
22	16	0.0816
22	5	0.0830
6	10	0.0838
31	16	0.0839
19	10	0.0843
32	5	0.0850
20	5	0.0871
21	16	0.0882
2	1	0.0886
25	1	0.0888
24	1	0.0913
10	12	0.0921
20	1	0.0943
19	4	0.1001
10	16	0.1024
6	4	0.1026
4	20	0.1029
10	5	0.1087
19	12	0.1093
6	12	0.1113
4	19	0.1141
4	6	0.1183
19	5	0.1206
19	16	0.1207
6	16	0.1211
12	21	0.1215
6	5	0.1221
12	15	0.1238
19	1	0.1273
6	1	0.1279
12	14	0.1282
12	10	0.1301
12	28	0.1323
12	13	0.1333
4	12	0.1341
12	19	0.1358
12	6	0.1369
27	3	0.1406
16	21	0.1418
16	22	0.1440
4	5	0.1449
12	4	0.1450
16	27	0.1460
16	15	0.1464
5	22	0.1471
16	7	0.1488
5	20	0.1490
16	8	0.1497
16	2	0.1503
16	10	0.1511
16	14	0.1513
34	3	0.1515
16	17	0.1520
16	9	0.1524
16	19	0.1525
4	1	0.1532
16	29	0.1535
33	3	0.1543
16	30	0.1562
16	6	0.1579
5	19	0.1592
20	3	0.1593
16	31	0.1595
5	10	0.1604
5	6	0.1617
5	32	0.1623
10	3	0.1629
1	20	0.1633
12	16	0.1654
12	5	0.1660
5	4	0.1664
1	2	0.1690
12	1	0.1707
1	6	0.1724
1	25	0.1737
1	19	0.1739
16	12	0.1746
19	3	0.1765
1	24	0.1766
5	12	0.1770
1	4	0.1823
6	3	0.1907
1	12	0.1928
16	1	0.1938
5	1	0.1947
1	5	0.1999
1	16	0.2023
4	3	0.2108
12	3	0.2238
16	3	0.2517
5	3	0.2584
3	20	0.2648
3	27	0.2751
3	6	0.2768
1	3	0.2776
3	10	0.2810
3	19	0.2810
3	4	0.2876
3	34	0.2899
3	33	0.2928
3	12	0.2972
3	5	0.3072
3	16	0.3096
3	1	0.3162
