node_id1 node_id2 t label
19918 6357 0 Authoring
21447 6357 0 Authoring
21448 6358 0 Authoring
21449 6358 0 Authoring
20131 6358 0 Authoring
21451 6359 0 Authoring
21452 6359 0 Authoring
21453 6360 0 Authoring
21454 6360 0 Authoring
21455 6360 0 Authoring
21456 6360 0 Authoring
21457 6360 0 Authoring
21458 6361 0 Authoring
21459 6361 0 Authoring
21460 6361 0 Authoring
21461 6361 0 Authoring
21462 6361 0 Authoring
19271 6362 0 Authoring
21464 6362 0 Authoring
21465 6363 0 Authoring
21466 6363 0 Authoring
21467 6364 0 Authoring
21468 6364 0 Authoring
55987 6364 0 Authoring
21469 6365 0 Authoring
16840 6365 0 Authoring
21471 6366 0 Authoring
21472 6366 0 Authoring
21473 6366 0 Authoring
21474 6366 0 Authoring
21475 6366 0 Authoring
19935 6367 0 Authoring
21477 6367 0 Authoring
19937 6367 0 Authoring
21479 6368 0 Authoring
21480 6368 0 Authoring
21481 6368 0 Authoring
21482 6368 0 Authoring
21483 6368 0 Authoring
21484 6368 0 Authoring
21485 6368 0 Authoring
21486 6368 0 Authoring
21487 6368 0 Authoring
21488 6368 0 Authoring
21489 6369 0 Authoring
21490 6369 0 Authoring
21484 6370 0 Authoring
21487 6370 0 Authoring
21486 6370 0 Authoring
21479 6370 0 Authoring
21480 6370 0 Authoring
21482 6370 0 Authoring
21488 6370 0 Authoring
21481 6370 0 Authoring
21499 6371 0 Authoring
21500 6371 0 Authoring
21501 6372 0 Authoring
21502 6373 0 Authoring
21503 6373 0 Authoring
21455 6373 0 Authoring
21505 6373 0 Authoring
21506 6374 0 Authoring
21507 6374 0 Authoring
21468 6374 0 Authoring
21509 6374 0 Authoring
21510 6374 0 Authoring
21511 6375 0 Authoring
21512 6375 0 Authoring
21513 6376 0 Authoring
20055 6376 0 Authoring
19359 6376 0 Authoring
21516 6377 0 Authoring
21455 6377 0 Authoring
21518 6378 0 Authoring
17013 6378 0 Authoring
21520 6378 0 Authoring
21521 6379 0 Authoring
21522 6380 0 Authoring
21455 6380 0 Authoring
21524 6381 0 Authoring
21525 6381 0 Authoring
21526 6381 0 Authoring
21527 6382 0 Authoring
21528 6383 0 Authoring
21529 6383 0 Authoring
21530 6383 0 Authoring
21531 6383 0 Authoring
20765 6383 0 Authoring
19919 6383 0 Authoring
21534 6383 0 Authoring
19920 6383 0 Authoring
21536 6384 0 Authoring
21537 6384 0 Authoring
21521 6385 0 Authoring
21539 6385 0 Authoring
21540 6385 0 Authoring
21541 6385 0 Authoring
51628 14961 1 Authoring
51629 14961 1 Authoring
51630 14961 1 Authoring
51631 14961 1 Authoring
51632 14962 1 Authoring
51633 14962 1 Authoring
51634 14962 1 Authoring
51635 14963 1 Authoring
51636 14963 1 Authoring
51637 14964 1 Authoring
51638 14964 1 Authoring
51639 14964 1 Authoring
51640 14965 1 Authoring
51641 14965 1 Authoring
51642 14965 1 Authoring
19205 14966 1 Authoring
19306 14966 1 Authoring
51645 14966 1 Authoring
21503 14967 1 Authoring
21455 14967 1 Authoring
20816 14968 1 Authoring
51649 14968 1 Authoring
51650 14969 1 Authoring
20055 14969 1 Authoring
51652 14970 1 Authoring
19929 14970 1 Authoring
51654 14971 1 Authoring
50366 14971 1 Authoring
51656 14971 1 Authoring
51657 14972 1 Authoring
51658 14972 1 Authoring
51659 14972 1 Authoring
21502 14972 1 Authoring
51661 14973 1 Authoring
51662 14973 1 Authoring
51663 14973 1 Authoring
51664 14973 1 Authoring
51665 14974 1 Authoring
51666 14974 1 Authoring
51667 14975 1 Authoring
17019 14975 1 Authoring
21520 14975 1 Authoring
51670 14976 1 Authoring
51671 14976 1 Authoring
51672 14976 1 Authoring
51673 14976 1 Authoring
19269 14976 1 Authoring
51675 14977 1 Authoring
21473 14977 1 Authoring
51677 14977 1 Authoring
51678 14977 1 Authoring
51679 14978 1 Authoring
51680 14979 1 Authoring
51681 14979 1 Authoring
51682 14980 1 Authoring
51683 14981 1 Authoring
19326 14981 1 Authoring
51685 14982 1 Authoring
51686 14982 1 Authoring
51687 14983 1 Authoring
51688 14983 1 Authoring
51689 14984 1 Authoring
51690 14984 1 Authoring
51691 14984 1 Authoring
51692 14984 1 Authoring
51693 14984 1 Authoring
51694 14985 1 Authoring
51695 14985 1 Authoring
51696 14985 1 Authoring
51697 14985 1 Authoring
50806 14985 1 Authoring
51699 14985 1 Authoring
51700 14986 1 Authoring
51701 14986 1 Authoring
51702 14986 1 Authoring
51703 14986 1 Authoring
51704 14986 1 Authoring
51705 14986 1 Authoring
51706 14987 1 Authoring
17004 14987 1 Authoring
50380 14988 1 Authoring
19929 14988 1 Authoring
51710 14988 1 Authoring
50802 14988 1 Authoring
51712 14989 1 Authoring
51713 14989 1 Authoring
51696 14989 1 Authoring
50806 14989 1 Authoring
51716 14989 1 Authoring
50758 14990 1 Authoring
51718 14990 1 Authoring
51719 14991 1 Authoring
51720 14991 1 Authoring
51721 14991 1 Authoring
51722 14991 1 Authoring
51723 14992 1 Authoring
50798 14992 1 Authoring
51725 14993 1 Authoring
51726 14993 1 Authoring
21536 14993 1 Authoring
51713 14994 1 Authoring
51729 14994 1 Authoring
51730 14994 1 Authoring
51731 14994 1 Authoring
51732 14994 1 Authoring
51716 14994 1 Authoring
50797 14720 2 Authoring
50798 14720 2 Authoring
50799 14721 2 Authoring
50800 14721 2 Authoring
19929 14721 2 Authoring
50802 14721 2 Authoring
50803 14722 2 Authoring
50804 14722 2 Authoring
47926 14722 2 Authoring
50806 14722 2 Authoring
50807 14722 2 Authoring
50808 14723 2 Authoring
21529 14724 2 Authoring
50810 14724 2 Authoring
19919 14724 2 Authoring
21534 14724 2 Authoring
19920 14724 2 Authoring
19986 14725 2 Authoring
50815 14726 2 Authoring
50816 14726 2 Authoring
50817 14726 2 Authoring
50818 14726 2 Authoring
49896 14727 2 Authoring
50820 14727 2 Authoring
50821 14727 2 Authoring
19205 14727 2 Authoring
16992 14728 2 Authoring
50824 14728 2 Authoring
50825 14728 2 Authoring
50826 14728 2 Authoring
19271 14729 2 Authoring
21464 14729 2 Authoring
20746 14730 2 Authoring
50830 14730 2 Authoring
50831 14730 2 Authoring
50724 14730 2 Authoring
50833 14730 2 Authoring
50834 14731 2 Authoring
50835 14731 2 Authoring
50836 14731 2 Authoring
50837 14731 2 Authoring
50838 14731 2 Authoring
50839 14732 2 Authoring
50840 14732 2 Authoring
21479 14732 2 Authoring
21480 14732 2 Authoring
21484 14732 2 Authoring
50844 14732 2 Authoring
50845 14733 2 Authoring
19913 14733 2 Authoring
50847 14734 2 Authoring
50848 14734 2 Authoring
50849 14735 2 Authoring
49969 14735 2 Authoring
50851 14736 2 Authoring
16820 14736 2 Authoring
50853 14737 2 Authoring
50854 14737 2 Authoring
50855 14737 2 Authoring
50856 14738 2 Authoring
50857 14738 2 Authoring
50858 14738 2 Authoring
50859 14738 2 Authoring
50860 14739 2 Authoring
50861 14739 2 Authoring
50862 14740 2 Authoring
50863 14740 2 Authoring
50864 14740 2 Authoring
20746 14741 2 Authoring
50866 14741 2 Authoring
20851 14741 2 Authoring
50868 14742 2 Authoring
50869 14742 2 Authoring
50870 14742 2 Authoring
50871 14743 2 Authoring
19205 14744 2 Authoring
19306 14744 2 Authoring
50874 14744 2 Authoring
50875 14744 2 Authoring
50876 14745 2 Authoring
50877 14745 2 Authoring
50878 14745 2 Authoring
21464 14745 2 Authoring
21516 14746 2 Authoring
50881 14747 2 Authoring
50882 14748 2 Authoring
17007 14748 2 Authoring
20831 14749 2 Authoring
19205 14749 2 Authoring
19306 14749 2 Authoring
50887 14750 2 Authoring
50888 14750 2 Authoring
50889 14751 2 Authoring
50890 14752 2 Authoring
50891 14752 2 Authoring
50892 14752 2 Authoring
50893 14753 2 Authoring
50894 14753 2 Authoring
50895 14753 2 Authoring
50896 14754 2 Authoring
50897 14754 2 Authoring
50898 14754 2 Authoring
50899 14755 2 Authoring
50900 14755 2 Authoring
50901 14755 2 Authoring
50859 14755 2 Authoring
50903 14756 2 Authoring
50904 14756 2 Authoring
47401 14756 2 Authoring
50906 14756 2 Authoring
50907 14757 2 Authoring
50908 14757 2 Authoring
50909 14758 2 Authoring
50910 14758 2 Authoring
50911 14758 2 Authoring
50912 14759 2 Authoring
21527 14759 2 Authoring
19912 5915 4 Authoring
19913 5915 4 Authoring
19914 5916 4 Authoring
19915 5916 4 Authoring
16840 5916 4 Authoring
19917 5917 4 Authoring
19918 5917 4 Authoring
19919 5918 4 Authoring
19920 5918 4 Authoring
19921 5918 4 Authoring
19922 5919 4 Authoring
19923 5919 4 Authoring
19924 5919 4 Authoring
19925 5919 4 Authoring
19926 5919 4 Authoring
19927 5920 4 Authoring
19928 5920 4 Authoring
19929 5920 4 Authoring
19315 5921 4 Authoring
19931 5922 4 Authoring
17020 5922 4 Authoring
19221 5922 4 Authoring
19934 5922 4 Authoring
19935 5923 4 Authoring
19326 5923 4 Authoring
19937 5923 4 Authoring
19938 5924 4 Authoring
19939 5924 4 Authoring
19940 5924 4 Authoring
19941 5925 4 Authoring
19308 5925 4 Authoring
19943 5925 4 Authoring
19944 5925 4 Authoring
19945 5926 4 Authoring
16905 5926 4 Authoring
19947 5926 4 Authoring
19948 5926 4 Authoring
19949 5927 4 Authoring
19326 5927 4 Authoring
19951 5928 4 Authoring
19952 5928 4 Authoring
19953 5928 4 Authoring
19954 5928 4 Authoring
19955 5929 4 Authoring
19956 5929 4 Authoring
19957 5929 4 Authoring
19958 5929 4 Authoring
19959 5930 4 Authoring
16986 5930 4 Authoring
19961 5931 4 Authoring
19962 5931 4 Authoring
19963 5931 4 Authoring
19964 5932 4 Authoring
19965 5932 4 Authoring
19966 5932 4 Authoring
19967 5932 4 Authoring
19968 5932 4 Authoring
19969 5933 4 Authoring
19326 5933 4 Authoring
16903 5934 4 Authoring
19972 5934 4 Authoring
19973 5934 4 Authoring
19974 5935 4 Authoring
19685 5935 4 Authoring
19976 5935 4 Authoring
19977 5935 4 Authoring
19978 5935 4 Authoring
19979 5936 4 Authoring
19980 5936 4 Authoring
19981 5936 4 Authoring
19982 5936 4 Authoring
19983 5936 4 Authoring
19984 5936 4 Authoring
19694 5936 4 Authoring
19986 5937 4 Authoring
19987 5937 4 Authoring
19988 5937 4 Authoring
19989 5938 4 Authoring
19990 5938 4 Authoring
19991 5938 4 Authoring
20746 6161 5 Authoring
20747 6161 5 Authoring
20112 6161 5 Authoring
20749 6161 5 Authoring
20750 6161 5 Authoring
20751 6162 5 Authoring
17013 6162 5 Authoring
19311 6163 5 Authoring
19314 6163 5 Authoring
19939 6164 5 Authoring
20756 6164 5 Authoring
20757 6165 5 Authoring
20758 6165 5 Authoring
20759 6166 5 Authoring
20760 6166 5 Authoring
20761 6166 5 Authoring
20762 6166 5 Authoring
20763 6167 5 Authoring
19148 6167 5 Authoring
20765 6167 5 Authoring
20766 6167 5 Authoring
20766 6168 5 Authoring
20768 6168 5 Authoring
19986 6168 5 Authoring
20770 6169 5 Authoring
20771 6169 5 Authoring
20772 6169 5 Authoring
19918 6169 5 Authoring
20774 6170 5 Authoring
16932 6170 5 Authoring
20776 6170 5 Authoring
20777 6171 5 Authoring
20778 6171 5 Authoring
19217 6171 5 Authoring
20780 6171 5 Authoring
19197 6172 5 Authoring
17014 6172 5 Authoring
17013 6172 5 Authoring
19221 6172 5 Authoring
19119 6172 5 Authoring
20786 6172 5 Authoring
20787 6172 5 Authoring
20788 6173 5 Authoring
20789 6173 5 Authoring
20790 6173 5 Authoring
20791 6173 5 Authoring
19951 6174 5 Authoring
19952 6174 5 Authoring
20794 6174 5 Authoring
19953 6174 5 Authoring
20796 6175 5 Authoring
20797 6175 5 Authoring
20798 6175 5 Authoring
20799 6175 5 Authoring
20800 6175 5 Authoring
20801 6175 5 Authoring
20802 6175 5 Authoring
20803 6175 5 Authoring
20804 6176 5 Authoring
20805 6176 5 Authoring
20806 6176 5 Authoring
20807 6176 5 Authoring
19569 6176 5 Authoring
20809 6177 5 Authoring
20810 6177 5 Authoring
20811 6178 5 Authoring
20812 6178 5 Authoring
20813 6178 5 Authoring
20814 6179 5 Authoring
20815 6179 5 Authoring
20816 6179 5 Authoring
20817 6179 5 Authoring
20818 6180 5 Authoring
20819 6180 5 Authoring
20820 6180 5 Authoring
20821 6181 5 Authoring
20120 6181 5 Authoring
17063 6181 5 Authoring
20824 6181 5 Authoring
20825 6181 5 Authoring
20607 6182 5 Authoring
20827 6182 5 Authoring
20828 6183 5 Authoring
19205 6183 5 Authoring
20830 6183 5 Authoring
20831 6183 5 Authoring
19306 6183 5 Authoring
20833 6184 5 Authoring
20834 6184 5 Authoring
20812 6184 5 Authoring
20836 6184 5 Authoring
20837 6184 5 Authoring
20838 6185 5 Authoring
20839 6185 5 Authoring
20840 6186 5 Authoring
17014 6186 5 Authoring
20842 6186 5 Authoring
20843 6187 5 Authoring
17013 6187 5 Authoring
20845 6188 5 Authoring
20846 6188 5 Authoring
20790 6188 5 Authoring
20848 6189 5 Authoring
17013 6189 5 Authoring
20746 6190 5 Authoring
20851 6190 5 Authoring
17006 6191 5 Authoring
20853 6191 5 Authoring
20854 6191 5 Authoring
19761 6191 5 Authoring
17039 6191 5 Authoring
17004 6192 5 Authoring
20858 6192 5 Authoring
20859 6193 5 Authoring
50713 14696 6 Authoring
19646 14696 6 Authoring
50715 14697 6 Authoring
19238 14697 6 Authoring
50717 14697 6 Authoring
50718 14697 6 Authoring
19197 14698 6 Authoring
50720 14698 6 Authoring
17014 14698 6 Authoring
19270 14698 6 Authoring
50723 14699 6 Authoring
50724 14699 6 Authoring
50725 14699 6 Authoring
50726 14700 6 Authoring
50727 14700 6 Authoring
19943 14700 6 Authoring
50729 14701 6 Authoring
19369 14701 6 Authoring
50731 14702 6 Authoring
50732 14702 6 Authoring
17004 14702 6 Authoring
19608 14702 6 Authoring
50385 14702 6 Authoring
50736 14703 6 Authoring
50737 14703 6 Authoring
17004 14703 6 Authoring
50390 14703 6 Authoring
50740 14704 6 Authoring
50726 14704 6 Authoring
50742 14704 6 Authoring
48052 14704 6 Authoring
50744 14705 6 Authoring
48040 14705 6 Authoring
19276 14705 6 Authoring
50747 14705 6 Authoring
50748 14706 6 Authoring
19662 14706 6 Authoring
19989 14707 6 Authoring
49809 14707 6 Authoring
50752 14707 6 Authoring
50753 14707 6 Authoring
50754 14708 6 Authoring
50755 14708 6 Authoring
50756 14709 6 Authoring
50757 14709 6 Authoring
50758 14709 6 Authoring
50759 14709 6 Authoring
50760 14709 6 Authoring
50761 14709 6 Authoring
50762 14709 6 Authoring
50763 14709 6 Authoring
50764 14710 6 Authoring
50765 14710 6 Authoring
20811 14711 6 Authoring
50767 14711 6 Authoring
20812 14711 6 Authoring
20813 14711 6 Authoring
50770 14712 6 Authoring
50771 14712 6 Authoring
17006 14712 6 Authoring
50773 14713 6 Authoring
16818 14713 6 Authoring
16815 14713 6 Authoring
50776 14714 6 Authoring
16932 14714 6 Authoring
50778 14714 6 Authoring
50377 14714 6 Authoring
50353 14715 6 Authoring
50781 14715 6 Authoring
50355 14715 6 Authoring
50783 14716 6 Authoring
50784 14716 6 Authoring
21520 14716 6 Authoring
50786 14716 6 Authoring
50787 14717 6 Authoring
50788 14717 6 Authoring
50789 14717 6 Authoring
50790 14718 6 Authoring
50791 14718 6 Authoring
50792 14718 6 Authoring
50793 14718 6 Authoring
19162 14718 6 Authoring
50339 14563 7 Authoring
50340 14563 7 Authoring
50341 14563 7 Authoring
50342 14564 7 Authoring
19197 14564 7 Authoring
50344 14565 7 Authoring
19213 14565 7 Authoring
20827 14565 7 Authoring
50347 14566 7 Authoring
50348 14566 7 Authoring
49986 14567 7 Authoring
20742 14567 7 Authoring
50351 14568 7 Authoring
20131 14568 7 Authoring
50353 14569 7 Authoring
50354 14569 7 Authoring
50355 14569 7 Authoring
50356 14570 7 Authoring
50357 14570 7 Authoring
19197 14570 7 Authoring
17014 14570 7 Authoring
19270 14570 7 Authoring
50361 14571 7 Authoring
50362 14571 7 Authoring
20842 14571 7 Authoring
50364 14571 7 Authoring
50365 14572 7 Authoring
50366 14572 7 Authoring
50367 14573 7 Authoring
50368 14573 7 Authoring
48021 14573 7 Authoring
50370 14574 7 Authoring
50371 14574 7 Authoring
19203 14574 7 Authoring
50373 14575 7 Authoring
19238 14575 7 Authoring
50375 14576 7 Authoring
16932 14576 7 Authoring
50377 14576 7 Authoring
50378 14577 7 Authoring
48019 14577 7 Authoring
50380 14577 7 Authoring
50381 14578 7 Authoring
50382 14578 7 Authoring
17004 14578 7 Authoring
19608 14578 7 Authoring
50385 14578 7 Authoring
50386 14579 7 Authoring
48019 14579 7 Authoring
19710 14580 7 Authoring
17004 14580 7 Authoring
50390 14580 7 Authoring
20071 14581 7 Authoring
50392 14581 7 Authoring
50393 14581 7 Authoring
19208 14581 7 Authoring
20533 14582 7 Authoring
20536 14582 7 Authoring
19368 14582 7 Authoring
50398 14583 7 Authoring
19662 14583 7 Authoring
50400 14584 7 Authoring
50401 14584 7 Authoring
19919 14585 7 Authoring
50403 14585 7 Authoring
19920 14585 7 Authoring
50405 14585 7 Authoring
50406 14585 7 Authoring
50407 14586 7 Authoring
49735 14586 7 Authoring
50409 14587 7 Authoring
16874 14588 7 Authoring
20750 14588 7 Authoring
50412 14589 7 Authoring
19238 14589 7 Authoring
50414 14589 7 Authoring
50415 14589 7 Authoring
50416 14590 7 Authoring
50417 14590 7 Authoring
50418 14591 7 Authoring
19219 14591 7 Authoring
50420 14591 7 Authoring
50421 14591 7 Authoring
19218 14591 7 Authoring
19216 14591 7 Authoring
20048 14591 7 Authoring
19329 14592 7 Authoring
19327 14592 7 Authoring
19219 14592 7 Authoring
19218 14592 7 Authoring
20048 14592 7 Authoring
50430 14593 7 Authoring
17019 14593 7 Authoring
19270 14593 7 Authoring
50433 14594 7 Authoring
19269 14594 7 Authoring
17019 14594 7 Authoring
17013 14599 7 Authoring
19625 14599 7 Authoring
17013 14600 7 Authoring
19625 14600 7 Authoring
49732 14389 8 Authoring
19306 14389 8 Authoring
49734 14389 8 Authoring
49735 14389 8 Authoring
49736 14390 8 Authoring
20539 14390 8 Authoring
19148 14390 8 Authoring
49739 14390 8 Authoring
20314 14390 8 Authoring
49741 14391 8 Authoring
49742 14391 8 Authoring
16908 14391 8 Authoring
49744 14391 8 Authoring
49745 14392 8 Authoring
49746 14392 8 Authoring
49747 14392 8 Authoring
49748 14392 8 Authoring
49749 14393 8 Authoring
16908 14393 8 Authoring
49751 14394 8 Authoring
49749 14394 8 Authoring
16908 14394 8 Authoring
49754 14395 8 Authoring
49755 14395 8 Authoring
49756 14396 8 Authoring
49757 14396 8 Authoring
49758 14397 8 Authoring
16908 14397 8 Authoring
49760 14397 8 Authoring
19360 14398 8 Authoring
20591 14398 8 Authoring
19302 14398 8 Authoring
20598 14398 8 Authoring
49765 14399 8 Authoring
49766 14399 8 Authoring
20176 14400 8 Authoring
49768 14400 8 Authoring
19569 14400 8 Authoring
49770 14401 8 Authoring
19306 14401 8 Authoring
49772 14401 8 Authoring
49773 14402 8 Authoring
49774 14402 8 Authoring
49775 14403 8 Authoring
49776 14403 8 Authoring
49777 14403 8 Authoring
49778 14404 8 Authoring
19197 14404 8 Authoring
17013 14404 8 Authoring
49781 14405 8 Authoring
49766 14405 8 Authoring
49783 14405 8 Authoring
49784 14406 8 Authoring
49785 14406 8 Authoring
19327 14407 8 Authoring
49787 14407 8 Authoring
19329 14407 8 Authoring
19219 14407 8 Authoring
19218 14407 8 Authoring
20048 14407 8 Authoring
49792 14407 8 Authoring
49793 14407 8 Authoring
49794 14408 8 Authoring
17013 14408 8 Authoring
19119 14408 8 Authoring
17003 14408 8 Authoring
49798 14409 8 Authoring
49799 14409 8 Authoring
19919 14409 8 Authoring
19920 14409 8 Authoring
19576 14410 8 Authoring
49803 14410 8 Authoring
19578 14410 8 Authoring
49805 14410 8 Authoring
49806 14410 8 Authoring
20555 14411 8 Authoring
20556 14411 8 Authoring
49809 14412 8 Authoring
19989 14412 8 Authoring
49811 14413 8 Authoring
19670 14413 8 Authoring
49813 14413 8 Authoring
49814 14413 8 Authoring
49815 14413 8 Authoring
49816 14414 8 Authoring
49817 14414 8 Authoring
49818 14414 8 Authoring
49819 14414 8 Authoring
49820 14414 8 Authoring
49821 14415 8 Authoring
19310 14415 8 Authoring
49823 14415 8 Authoring
19310 14416 8 Authoring
49825 14417 8 Authoring
19265 14417 8 Authoring
49827 14418 8 Authoring
49828 14418 8 Authoring
49829 14418 8 Authoring
49830 14419 8 Authoring
49831 14419 8 Authoring
49832 14419 8 Authoring
49833 14419 8 Authoring
49834 14420 8 Authoring
49835 14420 8 Authoring
20789 14420 8 Authoring
49837 14420 8 Authoring
49838 14421 8 Authoring
49766 14421 8 Authoring
17030 14421 8 Authoring
49841 14422 8 Authoring
49842 14422 8 Authoring
19177 14422 8 Authoring
49844 14422 8 Authoring
19178 14422 8 Authoring
49846 14422 8 Authoring
19625 14422 8 Authoring
19117 14422 8 Authoring
49849 14423 8 Authoring
49850 14423 8 Authoring
49851 14423 8 Authoring
49852 14423 8 Authoring
49853 14424 8 Authoring
49854 14424 8 Authoring
20742 14424 8 Authoring
20328 14424 8 Authoring
49857 14425 8 Authoring
49858 14425 8 Authoring
49859 14425 8 Authoring
19165 14425 8 Authoring
49861 14426 8 Authoring
49862 14426 8 Authoring
49863 14426 8 Authoring
49864 14426 8 Authoring
19165 14426 8 Authoring
49866 14427 8 Authoring
49867 14427 8 Authoring
49868 14427 8 Authoring
49869 14428 8 Authoring
49870 14428 8 Authoring
19628 14428 8 Authoring
20771 14428 8 Authoring
49873 14429 8 Authoring
49874 14429 8 Authoring
19285 14430 8 Authoring
49876 14430 8 Authoring
49873 14430 8 Authoring
49873 14431 8 Authoring
49879 14432 8 Authoring
19162 14432 8 Authoring
49881 14432 8 Authoring
49882 14433 8 Authoring
49883 14433 8 Authoring
16829 14433 8 Authoring
49885 14433 8 Authoring
19221 14433 8 Authoring
49887 14434 8 Authoring
49873 14434 8 Authoring
19625 14435 8 Authoring
19117 14435 8 Authoring
19181 14435 8 Authoring
49892 14435 8 Authoring
49893 14435 8 Authoring
19205 14435 8 Authoring
49895 14435 8 Authoring
49896 14435 8 Authoring
19262 14436 8 Authoring
19264 14436 8 Authoring
49899 14436 8 Authoring
49900 14437 8 Authoring
49901 14437 8 Authoring
49902 14438 8 Authoring
49903 14438 8 Authoring
49904 14438 8 Authoring
49905 14438 8 Authoring
19576 14439 8 Authoring
19165 14439 8 Authoring
49908 14439 8 Authoring
49832 14439 8 Authoring
19138 14439 8 Authoring
49803 14439 8 Authoring
49912 14439 8 Authoring
49913 14439 8 Authoring
49858 14439 8 Authoring
49915 14439 8 Authoring
49916 14439 8 Authoring
49917 14439 8 Authoring
49857 14439 8 Authoring
49760 14439 8 Authoring
19185 14440 8 Authoring
49921 14440 8 Authoring
49922 14440 8 Authoring
49923 14440 8 Authoring
49924 14440 8 Authoring
49925 14441 8 Authoring
49926 14441 8 Authoring
49927 14442 8 Authoring
19663 14443 8 Authoring
19662 14443 8 Authoring
49859 14444 8 Authoring
19309 14444 8 Authoring
49932 14444 8 Authoring
16908 14444 8 Authoring
49934 14445 8 Authoring
49935 14445 8 Authoring
16994 14445 8 Authoring
20328 14445 8 Authoring
49938 14446 8 Authoring
19576 14446 8 Authoring
19310 14446 8 Authoring
20790 14446 8 Authoring
49942 14446 8 Authoring
49943 14446 8 Authoring
49944 14446 8 Authoring
49945 14447 8 Authoring
49946 14447 8 Authoring
47478 14447 8 Authoring
49948 14447 8 Authoring
49949 14448 8 Authoring
49950 14448 8 Authoring
49832 14448 8 Authoring
17030 14448 8 Authoring
49736 14449 8 Authoring
20314 14449 8 Authoring
49955 14450 8 Authoring
49956 14451 8 Authoring
16994 14451 8 Authoring
49958 14452 8 Authoring
19368 14452 8 Authoring
49960 14452 8 Authoring
49961 14453 8 Authoring
16858 14453 8 Authoring
49963 14454 8 Authoring
49964 14454 8 Authoring
49965 14454 8 Authoring
19315 14455 8 Authoring
49967 14455 8 Authoring
49968 14455 8 Authoring
49969 14456 8 Authoring
49970 14457 8 Authoring
19264 14457 8 Authoring
49972 14458 8 Authoring
49973 14458 8 Authoring
16829 14458 8 Authoring
49975 14459 8 Authoring
49976 14459 8 Authoring
49977 14459 8 Authoring
49978 14460 8 Authoring
49979 14460 8 Authoring
49980 14460 8 Authoring
49981 14461 8 Authoring
49982 14461 8 Authoring
49983 14461 8 Authoring
49984 14461 8 Authoring
49985 14461 8 Authoring
49986 14462 8 Authoring
20328 14462 8 Authoring
16994 14462 8 Authoring
49989 14463 8 Authoring
19238 14463 8 Authoring
49991 14464 8 Authoring
19119 14464 8 Authoring
20187 14464 8 Authoring
49994 14465 8 Authoring
20827 14465 8 Authoring
19112 5671 9 Authoring
19113 5671 9 Authoring
19114 5671 9 Authoring
19115 5671 9 Authoring
19116 5672 9 Authoring
19117 5672 9 Authoring
19118 5673 9 Authoring
19119 5673 9 Authoring
17014 5673 9 Authoring
55984 5673 9 Authoring
19121 5674 9 Authoring
19122 5674 9 Authoring
19123 5674 9 Authoring
19124 5674 9 Authoring
19125 5675 9 Authoring
19126 5675 9 Authoring
19127 5675 9 Authoring
19128 5676 9 Authoring
19129 5676 9 Authoring
19130 5676 9 Authoring
19131 5677 9 Authoring
19132 5677 9 Authoring
19133 5677 9 Authoring
19134 5678 9 Authoring
19135 5678 9 Authoring
19136 5679 9 Authoring
19127 5679 9 Authoring
19138 5680 9 Authoring
19127 5680 9 Authoring
19140 5680 9 Authoring
19141 5680 9 Authoring
19142 5681 9 Authoring
19143 5681 9 Authoring
19144 5681 9 Authoring
19145 5681 9 Authoring
19146 5682 9 Authoring
19147 5682 9 Authoring
19148 5682 9 Authoring
55985 5682 9 Authoring
19149 5683 9 Authoring
19150 5683 9 Authoring
19151 5683 9 Authoring
19152 5683 9 Authoring
19153 5683 9 Authoring
19154 5683 9 Authoring
19155 5684 9 Authoring
19156 5684 9 Authoring
19157 5684 9 Authoring
19158 5684 9 Authoring
19159 5684 9 Authoring
19160 5685 9 Authoring
19161 5685 9 Authoring
19162 5685 9 Authoring
19163 5686 9 Authoring
19164 5686 9 Authoring
19165 5686 9 Authoring
16908 5686 9 Authoring
19167 5686 9 Authoring
19168 5686 9 Authoring
19169 5687 9 Authoring
19170 5687 9 Authoring
19171 5687 9 Authoring
19172 5688 9 Authoring
19173 5688 9 Authoring
19174 5688 9 Authoring
19175 5688 9 Authoring
19176 5688 9 Authoring
19177 5689 9 Authoring
19178 5689 9 Authoring
19179 5689 9 Authoring
19180 5689 9 Authoring
19181 5689 9 Authoring
19117 5689 9 Authoring
19183 5690 9 Authoring
19184 5690 9 Authoring
19185 5690 9 Authoring
19186 5691 9 Authoring
19187 5691 9 Authoring
19188 5691 9 Authoring
19189 5692 9 Authoring
19190 5692 9 Authoring
19191 5693 9 Authoring
16994 5693 9 Authoring
19128 5694 9 Authoring
19194 5694 9 Authoring
19196 5695 9 Authoring
19197 5695 9 Authoring
17013 5695 9 Authoring
19199 5696 9 Authoring
16908 5696 9 Authoring
19201 5697 9 Authoring
19197 5697 9 Authoring
19203 5697 9 Authoring
19204 5698 9 Authoring
19205 5698 9 Authoring
19206 5699 9 Authoring
19207 5699 9 Authoring
19208 5700 9 Authoring
19209 5700 9 Authoring
19210 5701 9 Authoring
19211 5701 9 Authoring
19212 5702 9 Authoring
19213 5702 9 Authoring
19214 5702 9 Authoring
19215 5703 9 Authoring
19216 5703 9 Authoring
19217 5703 9 Authoring
19218 5703 9 Authoring
19219 5703 9 Authoring
19220 5703 9 Authoring
19221 5703 9 Authoring
19222 5704 9 Authoring
19223 5704 9 Authoring
19224 5705 9 Authoring
19225 5705 9 Authoring
16908 5705 9 Authoring
17030 5705 9 Authoring
19228 5706 9 Authoring
19229 5706 9 Authoring
19230 5707 9 Authoring
19231 5707 9 Authoring
19232 5707 9 Authoring
19233 5708 9 Authoring
19234 5708 9 Authoring
19235 5708 9 Authoring
19236 5708 9 Authoring
19237 5709 9 Authoring
19238 5709 9 Authoring
19239 5710 9 Authoring
19240 5710 9 Authoring
19241 5711 9 Authoring
17026 5711 9 Authoring
16999 5711 9 Authoring
19244 5711 9 Authoring
19245 5712 9 Authoring
19246 5712 9 Authoring
19247 5712 9 Authoring
19248 5712 9 Authoring
19249 5712 9 Authoring
19250 5712 9 Authoring
19251 5713 9 Authoring
19252 5714 9 Authoring
19253 5714 9 Authoring
19254 5714 9 Authoring
19255 5715 9 Authoring
16932 5715 9 Authoring
19257 5715 9 Authoring
19258 5715 9 Authoring
19132 5716 9 Authoring
19260 5716 9 Authoring
19261 5716 9 Authoring
19262 5716 9 Authoring
19263 5716 9 Authoring
19264 5716 9 Authoring
19265 5716 9 Authoring
19266 5717 9 Authoring
19267 5717 9 Authoring
19268 5718 9 Authoring
19269 5718 9 Authoring
19270 5718 9 Authoring
19271 5719 9 Authoring
19272 5719 9 Authoring
19273 5720 9 Authoring
19184 5720 9 Authoring
19185 5720 9 Authoring
19276 5721 9 Authoring
19277 5721 9 Authoring
19278 5721 9 Authoring
19279 5721 9 Authoring
19280 5721 9 Authoring
19281 5721 9 Authoring
19282 5721 9 Authoring
19283 5721 9 Authoring
19284 5722 9 Authoring
19285 5722 9 Authoring
19286 5723 9 Authoring
19287 5723 9 Authoring
19288 5723 9 Authoring
19289 5724 9 Authoring
19290 5724 9 Authoring
19291 5724 9 Authoring
19188 5724 9 Authoring
19293 5725 9 Authoring
19294 5725 9 Authoring
17013 5725 9 Authoring
19296 5726 9 Authoring
17013 5726 9 Authoring
19119 5726 9 Authoring
17003 5726 9 Authoring
19300 5727 9 Authoring
19246 5727 9 Authoring
19302 5727 9 Authoring
19303 5728 9 Authoring
19304 5728 9 Authoring
19205 5728 9 Authoring
19306 5728 9 Authoring
19307 5729 9 Authoring
19308 5729 9 Authoring
19309 5730 9 Authoring
19310 5730 9 Authoring
19311 5731 9 Authoring
19312 5731 9 Authoring
19313 5731 9 Authoring
19314 5731 9 Authoring
19315 5732 9 Authoring
19316 5732 9 Authoring
19315 5733 9 Authoring
19318 5733 9 Authoring
19319 5733 9 Authoring
19268 5734 9 Authoring
19119 5734 9 Authoring
17014 5734 9 Authoring
19323 5735 9 Authoring
19127 5735 9 Authoring
19325 5736 9 Authoring
19326 5736 9 Authoring
19327 5737 9 Authoring
19328 5737 9 Authoring
19329 5737 9 Authoring
19219 5737 9 Authoring
19331 5737 9 Authoring
19218 5737 9 Authoring
19221 5737 9 Authoring
19334 5738 9 Authoring
19335 5738 9 Authoring
19336 5738 9 Authoring
19337 5739 9 Authoring
19241 5739 9 Authoring
17026 5739 9 Authoring
19340 5740 9 Authoring
19341 5740 9 Authoring
19342 5740 9 Authoring
19343 5741 9 Authoring
19344 5741 9 Authoring
19345 5742 9 Authoring
19346 5742 9 Authoring
19347 5742 9 Authoring
19348 5742 9 Authoring
19349 5743 9 Authoring
19350 5743 9 Authoring
19351 5743 9 Authoring
19352 5743 9 Authoring
19353 5743 9 Authoring
19354 5743 9 Authoring
19355 5743 9 Authoring
19356 5744 9 Authoring
19357 5744 9 Authoring
19358 5744 9 Authoring
19359 5744 9 Authoring
19360 5745 9 Authoring
19360 5745 9 Authoring
19302 5745 9 Authoring
19363 5746 9 Authoring
19364 5746 9 Authoring
19238 5746 9 Authoring
19366 5746 9 Authoring
19366 5747 9 Authoring
19368 5747 9 Authoring
19369 5747 9 Authoring
19370 5748 9 Authoring
19310 5748 9 Authoring
19372 5748 9 Authoring
16908 5748 9 Authoring
19374 5749 9 Authoring
19375 5749 9 Authoring
19376 5749 9 Authoring
19377 5749 9 Authoring
19378 5750 9 Authoring
19379 5750 9 Authoring
19380 5750 9 Authoring
19381 5750 9 Authoring
19195 5694 9 Authoring
20533 6098 10 Authoring
19368 6098 10 Authoring
20535 6098 10 Authoring
20536 6098 10 Authoring
20537 6099 10 Authoring
19986 6099 10 Authoring
20539 6099 10 Authoring
19542 6100 10 Authoring
16818 6100 10 Authoring
17063 6100 10 Authoring
19544 6100 10 Authoring
16815 6100 10 Authoring
20545 6101 10 Authoring
16854 6101 10 Authoring
16858 6101 10 Authoring
20548 6101 10 Authoring
19753 6102 10 Authoring
20550 6102 10 Authoring
20551 6102 10 Authoring
20552 6102 10 Authoring
19370 6103 10 Authoring
19310 6103 10 Authoring
20555 6104 10 Authoring
20556 6104 10 Authoring
20557 6105 10 Authoring
20558 6106 10 Authoring
19208 6106 10 Authoring
20071 6106 10 Authoring
20561 6106 10 Authoring
20562 6107 10 Authoring
20481 6107 10 Authoring
20564 6107 10 Authoring
20565 6107 10 Authoring
20566 6107 10 Authoring
20567 6107 10 Authoring
20568 6107 10 Authoring
16875 6108 10 Authoring
20570 6108 10 Authoring
20571 6109 10 Authoring
19310 6109 10 Authoring
19372 6109 10 Authoring
16908 6109 10 Authoring
20575 6110 10 Authoring
20576 6110 10 Authoring
19206 6110 10 Authoring
19207 6110 10 Authoring
20579 6111 10 Authoring
16976 6111 10 Authoring
19769 6111 10 Authoring
20582 6112 10 Authoring
20583 6112 10 Authoring
20584 6112 10 Authoring
20585 6112 10 Authoring
20586 6113 10 Authoring
20587 6113 10 Authoring
19358 6113 10 Authoring
20589 6114 10 Authoring
20590 6114 10 Authoring
20591 6115 10 Authoring
20592 6115 10 Authoring
20593 6115 10 Authoring
20594 6115 10 Authoring
20595 6115 10 Authoring
19302 6115 10 Authoring
20597 6115 10 Authoring
20598 6115 10 Authoring
20599 6116 10 Authoring
20600 6116 10 Authoring
19148 6116 10 Authoring
20602 6116 10 Authoring
19146 6116 10 Authoring
19128 6117 10 Authoring
20605 6117 10 Authoring
19311 6117 10 Authoring
20607 6117 10 Authoring
19129 6117 10 Authoring
20609 6118 10 Authoring
20610 6118 10 Authoring
20611 6119 10 Authoring
20612 6119 10 Authoring
19832 6119 10 Authoring
20614 6119 10 Authoring
20615 6119 10 Authoring
20616 6120 10 Authoring
20617 6120 10 Authoring
20618 6120 10 Authoring
16820 6120 10 Authoring
20620 6121 10 Authoring
20621 6121 10 Authoring
20622 6121 10 Authoring
16976 6121 10 Authoring
20624 6122 10 Authoring
20625 6122 10 Authoring
20626 6122 10 Authoring
20627 6123 10 Authoring
20628 6123 10 Authoring
20629 6123 10 Authoring
19553 6123 10 Authoring
20631 6124 10 Authoring
20632 6124 10 Authoring
20633 6124 10 Authoring
20634 6125 10 Authoring
20635 6125 10 Authoring
20584 6125 10 Authoring
20585 6125 10 Authoring
20638 6126 10 Authoring
16981 6126 10 Authoring
20640 6127 10 Authoring
19232 6127 10 Authoring
20642 6128 10 Authoring
19651 6128 10 Authoring
20644 6128 10 Authoring
20645 6129 10 Authoring
20646 6129 10 Authoring
20647 6130 10 Authoring
20648 6130 10 Authoring
16829 6130 10 Authoring
16887 6131 10 Authoring
20651 6131 10 Authoring
20652 6131 10 Authoring
20653 6131 10 Authoring
20654 6131 10 Authoring
20610 6131 10 Authoring
20656 6132 10 Authoring
20657 6132 10 Authoring
20658 6132 10 Authoring
20659 6132 10 Authoring
20660 6133 10 Authoring
20661 6133 10 Authoring
20662 6133 10 Authoring
20663 6134 10 Authoring
20664 6134 10 Authoring
19814 6135 10 Authoring
20481 6135 10 Authoring
20635 6135 10 Authoring
19210 6136 10 Authoring
20669 6136 10 Authoring
19211 6136 10 Authoring
20671 6137 10 Authoring
19181 6137 10 Authoring
17065 6138 10 Authoring
20674 6138 10 Authoring
20176 6138 10 Authoring
20676 6139 10 Authoring
19197 6139 10 Authoring
17013 6139 10 Authoring
20679 6140 10 Authoring
16932 6140 10 Authoring
20681 6141 10 Authoring
19669 6141 10 Authoring
20683 6142 10 Authoring
20684 6142 10 Authoring
20685 6142 10 Authoring
20686 6142 10 Authoring
19219 6142 10 Authoring
19218 6142 10 Authoring
17020 6142 10 Authoring
20048 6142 10 Authoring
20691 6143 10 Authoring
19372 6143 10 Authoring
20610 6143 10 Authoring
19310 6143 10 Authoring
20695 6144 10 Authoring
16932 6144 10 Authoring
20697 6144 10 Authoring
20698 6144 10 Authoring
20699 6145 10 Authoring
19197 6145 10 Authoring
20701 6145 10 Authoring
20702 6146 10 Authoring
19197 6146 10 Authoring
17013 6146 10 Authoring
20705 6147 10 Authoring
19262 6147 10 Authoring
20707 6148 10 Authoring
20570 6148 10 Authoring
20709 6149 10 Authoring
20710 6149 10 Authoring
20711 6149 10 Authoring
19302 6149 10 Authoring
20713 6150 10 Authoring
19277 6150 10 Authoring
20715 6150 10 Authoring
19252 6150 10 Authoring
20711 6151 10 Authoring
20718 6151 10 Authoring
20719 6151 10 Authoring
19302 6151 10 Authoring
20710 6151 10 Authoring
20591 6151 10 Authoring
20723 6151 10 Authoring
20724 6152 10 Authoring
19576 6152 10 Authoring
20226 6153 10 Authoring
20727 6154 10 Authoring
19561 6154 10 Authoring
20729 6155 10 Authoring
19203 6155 10 Authoring
20731 6155 10 Authoring
20732 6156 10 Authoring
20733 6156 10 Authoring
19129 6156 10 Authoring
19128 6156 10 Authoring
16977 6157 10 Authoring
16976 6157 10 Authoring
16995 6157 10 Authoring
20739 6158 10 Authoring
19576 6158 10 Authoring
20741 6159 10 Authoring
20742 6159 10 Authoring
20743 6160 10 Authoring
20744 6160 10 Authoring
20745 6160 10 Authoring
19520 5795 11 Authoring
16918 5795 11 Authoring
19522 5796 11 Authoring
19523 5796 11 Authoring
16986 5796 11 Authoring
19525 5796 11 Authoring
19270 5796 11 Authoring
19527 5796 11 Authoring
19528 5797 11 Authoring
19529 5797 11 Authoring
19530 5797 11 Authoring
19531 5798 11 Authoring
19532 5798 11 Authoring
19349 5798 11 Authoring
19534 5799 11 Authoring
19232 5799 11 Authoring
19536 5799 11 Authoring
19231 5799 11 Authoring
19538 5800 11 Authoring
17055 5800 11 Authoring
19540 5800 11 Authoring
19541 5800 11 Authoring
19542 5801 11 Authoring
17063 5801 11 Authoring
19544 5801 11 Authoring
16818 5801 11 Authoring
16815 5801 11 Authoring
19547 5801 11 Authoring
19548 5802 11 Authoring
19549 5802 11 Authoring
19550 5802 11 Authoring
19551 5802 11 Authoring
19552 5802 11 Authoring
19553 5803 11 Authoring
19262 5803 11 Authoring
19555 5803 11 Authoring
19556 5804 11 Authoring
19557 5804 11 Authoring
19262 5804 11 Authoring
19559 5805 11 Authoring
19560 5805 11 Authoring
19561 5805 11 Authoring
19562 5806 11 Authoring
19188 5806 11 Authoring
19564 5807 11 Authoring
19565 5807 11 Authoring
19566 5807 11 Authoring
19567 5807 11 Authoring
19265 5807 11 Authoring
19569 5807 11 Authoring
19570 5808 11 Authoring
19178 5808 11 Authoring
19572 5808 11 Authoring
19181 5808 11 Authoring
19574 5809 11 Authoring
19575 5809 11 Authoring
19576 5810 11 Authoring
19577 5810 11 Authoring
19578 5810 11 Authoring
19579 5810 11 Authoring
19580 5811 11 Authoring
19581 5811 11 Authoring
19582 5812 11 Authoring
19583 5812 11 Authoring
19584 5812 11 Authoring
19585 5812 11 Authoring
19586 5812 11 Authoring
19587 5813 11 Authoring
19588 5813 11 Authoring
19589 5813 11 Authoring
19590 5814 11 Authoring
19591 5814 11 Authoring
19592 5814 11 Authoring
19593 5814 11 Authoring
19594 5815 11 Authoring
19269 5815 11 Authoring
19119 5815 11 Authoring
19597 5816 11 Authoring
19598 5816 11 Authoring
19599 5817 11 Authoring
19600 5817 11 Authoring
19601 5817 11 Authoring
19602 5818 11 Authoring
19165 5818 11 Authoring
16919 5818 11 Authoring
16942 5818 11 Authoring
19606 5819 11 Authoring
19606 5819 11 Authoring
19608 5819 11 Authoring
19609 5819 11 Authoring
19610 5820 11 Authoring
19611 5820 11 Authoring
19165 5820 11 Authoring
16942 5820 11 Authoring
19614 5821 11 Authoring
19615 5821 11 Authoring
19616 5821 11 Authoring
19617 5821 11 Authoring
19618 5822 11 Authoring
19619 5822 11 Authoring
19620 5823 11 Authoring
19119 5823 11 Authoring
17014 5823 11 Authoring
17013 5823 11 Authoring
19624 5824 11 Authoring
19625 5824 11 Authoring
19626 5824 11 Authoring
19627 5825 11 Authoring
19628 5825 11 Authoring
19629 5825 11 Authoring
16986 5825 11 Authoring
19631 5826 11 Authoring
19310 5826 11 Authoring
19633 5827 11 Authoring
17004 5827 11 Authoring
19635 5828 11 Authoring
19181 5828 11 Authoring
19637 5829 11 Authoring
19638 5829 11 Authoring
19639 5829 11 Authoring
19640 5829 11 Authoring
16963 5829 11 Authoring
19642 5830 11 Authoring
19128 5830 11 Authoring
19644 5830 11 Authoring
19645 5831 11 Authoring
19646 5831 11 Authoring
16977 5832 11 Authoring
16976 5832 11 Authoring
16995 5832 11 Authoring
19650 5833 11 Authoring
19651 5833 11 Authoring
19652 5834 11 Authoring
19653 5834 11 Authoring
19654 5835 11 Authoring
19654 5835 11 Authoring
19197 5835 11 Authoring
17014 5835 11 Authoring
19270 5835 11 Authoring
19659 5836 11 Authoring
16850 5836 11 Authoring
19661 5837 11 Authoring
19662 5837 11 Authoring
19663 5837 11 Authoring
19664 5838 11 Authoring
19665 5838 11 Authoring
19666 5838 11 Authoring
19667 5839 11 Authoring
19668 5839 11 Authoring
19669 5839 11 Authoring
19670 5840 11 Authoring
19671 5840 11 Authoring
19672 5840 11 Authoring
19673 5840 11 Authoring
19674 5840 11 Authoring
19675 5840 11 Authoring
19587 5841 11 Authoring
19588 5841 11 Authoring
19589 5841 11 Authoring
19679 5842 11 Authoring
19165 5842 11 Authoring
16908 5842 11 Authoring
19682 5843 11 Authoring
19683 5843 11 Authoring
19684 5843 11 Authoring
19685 5844 11 Authoring
19686 5844 11 Authoring
19687 5845 11 Authoring
19350 5845 11 Authoring
19349 5845 11 Authoring
19690 5845 11 Authoring
19691 5846 11 Authoring
19692 5846 11 Authoring
19693 5847 11 Authoring
19694 5847 11 Authoring
19695 5847 11 Authoring
19696 5847 11 Authoring
19697 5848 11 Authoring
19698 5848 11 Authoring
19699 5848 11 Authoring
19700 5849 11 Authoring
19701 5849 11 Authoring
19702 5849 11 Authoring
19703 5849 11 Authoring
19378 5850 11 Authoring
19379 5850 11 Authoring
19380 5850 11 Authoring
19707 5850 11 Authoring
19708 5850 11 Authoring
19709 5850 11 Authoring
19710 5851 11 Authoring
19711 5851 11 Authoring
19712 5851 11 Authoring
17004 5851 11 Authoring
19714 5852 11 Authoring
19715 5852 11 Authoring
19716 5853 11 Authoring
19717 5853 11 Authoring
19718 5854 11 Authoring
19719 5854 11 Authoring
16868 5854 11 Authoring
19692 5855 11 Authoring
19722 5855 11 Authoring
19723 5856 11 Authoring
19529 5856 11 Authoring
19530 5856 11 Authoring
19653 5857 11 Authoring
19652 5857 11 Authoring
19728 5857 11 Authoring
19729 5857 11 Authoring
19730 5858 11 Authoring
19731 5858 11 Authoring
19732 5859 11 Authoring
19731 5859 11 Authoring
19685 5860 11 Authoring
19686 5860 11 Authoring
19736 5861 11 Authoring
17004 5861 11 Authoring
19738 5862 11 Authoring
19739 5862 11 Authoring
19740 5862 11 Authoring
19741 5862 11 Authoring
19742 5862 11 Authoring
19743 5863 11 Authoring
19310 5863 11 Authoring
19745 5864 11 Authoring
17004 5864 11 Authoring
19747 5865 11 Authoring
19748 5865 11 Authoring
19749 5866 11 Authoring
19277 5866 11 Authoring
19252 5866 11 Authoring
19144 5867 11 Authoring
19753 5868 11 Authoring
19754 5868 11 Authoring
19755 5868 11 Authoring
19756 5869 11 Authoring
19310 5869 11 Authoring
19758 5870 11 Authoring
16903 5870 11 Authoring
19760 5871 11 Authoring
19761 5871 11 Authoring
17007 5871 11 Authoring
19763 5872 11 Authoring
19764 5872 11 Authoring
19765 5872 11 Authoring
19766 5872 11 Authoring
19767 5872 11 Authoring
19768 5873 11 Authoring
19769 5873 11 Authoring
19770 5873 11 Authoring
19771 5873 11 Authoring
19772 5873 11 Authoring
19773 5874 11 Authoring
19703 5874 11 Authoring
19775 5874 11 Authoring
19776 5874 11 Authoring
19702 5874 11 Authoring
19778 5874 11 Authoring
19779 5874 11 Authoring
19780 5874 11 Authoring
19781 5875 11 Authoring
19782 5875 11 Authoring
19767 5875 11 Authoring
19784 5876 11 Authoring
19785 5876 11 Authoring
19786 5876 11 Authoring
19787 5876 11 Authoring
17022 5877 11 Authoring
17024 5877 11 Authoring
19790 5878 11 Authoring
19791 5878 11 Authoring
19792 5879 11 Authoring
19793 5879 11 Authoring
19794 5880 11 Authoring
19795 5880 11 Authoring
19796 5880 11 Authoring
19620 5881 11 Authoring
17013 5881 11 Authoring
19799 5882 11 Authoring
19368 5882 11 Authoring
19654 5883 11 Authoring
17013 5883 11 Authoring
19197 5883 11 Authoring
19804 5884 11 Authoring
17013 5884 11 Authoring
19806 5884 11 Authoring
19807 5885 11 Authoring
19808 5885 11 Authoring
16976 5885 11 Authoring
16868 5885 11 Authoring
19811 5886 11 Authoring
19812 5886 11 Authoring
19813 5886 11 Authoring
19814 5887 11 Authoring
19694 5887 11 Authoring
19816 5888 11 Authoring
19817 5888 11 Authoring
19818 5888 11 Authoring
19819 5888 11 Authoring
19820 5889 11 Authoring
19821 5889 11 Authoring
19822 5890 11 Authoring
19823 5890 11 Authoring
19824 5890 11 Authoring
19825 5890 11 Authoring
19826 5890 11 Authoring
19827 5890 11 Authoring
19828 5891 11 Authoring
19829 5891 11 Authoring
19830 5891 11 Authoring
19831 5892 11 Authoring
19832 5893 11 Authoring
17019 5893 11 Authoring
19132 5894 11 Authoring
19835 5894 11 Authoring
19265 5894 11 Authoring
19264 5894 11 Authoring
19310 5939 12 Authoring
19993 5939 12 Authoring
19631 5939 12 Authoring
19372 5939 12 Authoring
19996 5940 12 Authoring
19188 5940 12 Authoring
19918 5940 12 Authoring
19999 5941 12 Authoring
20000 5941 12 Authoring
20001 5942 12 Authoring
19119 5942 12 Authoring
20003 5943 12 Authoring
20004 5943 12 Authoring
20005 5944 12 Authoring
20006 5944 12 Authoring
16854 5944 12 Authoring
20008 5944 12 Authoring
16858 5944 12 Authoring
20010 5945 12 Authoring
19698 5945 12 Authoring
19699 5945 12 Authoring
20013 5946 12 Authoring
16818 5946 12 Authoring
19544 5946 12 Authoring
17063 5946 12 Authoring
20017 5947 12 Authoring
19986 5947 12 Authoring
17013 5947 12 Authoring
19270 5947 12 Authoring
20021 5948 12 Authoring
20022 5948 12 Authoring
20023 5948 12 Authoring
20024 5949 12 Authoring
20025 5949 12 Authoring
16840 5949 12 Authoring
19606 5950 12 Authoring
19608 5950 12 Authoring
19606 5950 12 Authoring
17004 5950 12 Authoring
19609 5950 12 Authoring
20032 5951 12 Authoring
20033 5951 12 Authoring
20034 5951 12 Authoring
19377 5951 12 Authoring
19374 5951 12 Authoring
20037 5951 12 Authoring
20038 5951 12 Authoring
20039 5952 12 Authoring
16942 5952 12 Authoring
19165 5952 12 Authoring
20042 5953 12 Authoring
19308 5953 12 Authoring
20044 5953 12 Authoring
19328 5954 12 Authoring
20046 5954 12 Authoring
19329 5954 12 Authoring
20048 5954 12 Authoring
20049 5955 12 Authoring
20050 5955 12 Authoring
20051 5955 12 Authoring
20052 5955 12 Authoring
20053 5956 12 Authoring
20054 5956 12 Authoring
20055 5956 12 Authoring
20056 5957 12 Authoring
20057 5957 12 Authoring
20058 5957 12 Authoring
20059 5957 12 Authoring
20060 5958 12 Authoring
20061 5958 12 Authoring
20062 5958 12 Authoring
20063 5958 12 Authoring
20064 5959 12 Authoring
20065 5959 12 Authoring
20066 5959 12 Authoring
20067 5959 12 Authoring
20068 5960 12 Authoring
20069 5960 12 Authoring
19687 5961 12 Authoring
20071 5961 12 Authoring
20072 5961 12 Authoring
20073 5961 12 Authoring
20074 5961 12 Authoring
20075 5961 12 Authoring
20076 5962 12 Authoring
20077 5962 12 Authoring
20078 5962 12 Authoring
20079 5962 12 Authoring
20080 5963 12 Authoring
17006 5963 12 Authoring
17007 5963 12 Authoring
20083 5964 12 Authoring
17014 5964 12 Authoring
19119 5964 12 Authoring
20086 5965 12 Authoring
20087 5965 12 Authoring
20067 5965 12 Authoring
20089 5966 12 Authoring
19662 5966 12 Authoring
20091 5966 12 Authoring
20092 5967 12 Authoring
19544 5967 12 Authoring
17063 5967 12 Authoring
16818 5967 12 Authoring
20096 5968 12 Authoring
16850 5968 12 Authoring
19547 5968 12 Authoring
20099 5968 12 Authoring
20100 5969 12 Authoring
20101 5969 12 Authoring
16841 5969 12 Authoring
20103 5970 12 Authoring
20025 5970 12 Authoring
16840 5970 12 Authoring
19310 5971 12 Authoring
20107 5971 12 Authoring
20108 5972 12 Authoring
16854 5972 12 Authoring
20110 5972 12 Authoring
20111 5973 12 Authoring
20112 5973 12 Authoring
20113 5973 12 Authoring
16869 5973 12 Authoring
20115 5974 12 Authoring
20116 5974 12 Authoring
19544 5974 12 Authoring
20118 5975 12 Authoring
19257 5975 12 Authoring
20120 5975 12 Authoring
20121 5976 12 Authoring
20122 5976 12 Authoring
20123 5976 12 Authoring
16850 5976 12 Authoring
20125 5977 12 Authoring
16868 5977 12 Authoring
16977 5977 12 Authoring
20128 5977 12 Authoring
16976 5977 12 Authoring
20130 5978 12 Authoring
20131 5978 12 Authoring
20132 5978 12 Authoring
20133 5979 12 Authoring
20134 5979 12 Authoring
20135 5979 12 Authoring
20136 5980 12 Authoring
19561 5980 12 Authoring
20138 5980 12 Authoring
19560 5980 12 Authoring
20140 5981 12 Authoring
20141 5981 12 Authoring
20142 5981 12 Authoring
20143 5981 12 Authoring
20144 5982 12 Authoring
19807 5982 12 Authoring
16868 5982 12 Authoring
20147 5983 12 Authoring
20148 5983 12 Authoring
19692 5983 12 Authoring
20150 5983 12 Authoring
20151 5983 12 Authoring
20152 5984 12 Authoring
16917 5984 12 Authoring
16918 5984 12 Authoring
20155 5985 12 Authoring
20156 5985 12 Authoring
20157 5985 12 Authoring
20158 5985 12 Authoring
20159 5985 12 Authoring
19160 5985 12 Authoring
19161 5985 12 Authoring
19162 5985 12 Authoring
19814 5986 12 Authoring
20164 5986 12 Authoring
20165 5987 12 Authoring
20166 5987 12 Authoring
20167 5987 12 Authoring
20168 5987 12 Authoring
20169 5987 12 Authoring
20170 5987 12 Authoring
20171 5988 12 Authoring
20172 5988 12 Authoring
16932 5988 12 Authoring
20174 5988 12 Authoring
17065 5989 12 Authoring
20176 5989 12 Authoring
20177 5990 12 Authoring
20178 5990 12 Authoring
20179 5991 12 Authoring
19560 5991 12 Authoring
20181 5992 12 Authoring
19308 5992 12 Authoring
16903 5992 12 Authoring
20184 5992 12 Authoring
20185 5993 12 Authoring
19203 5993 12 Authoring
20187 5993 12 Authoring
19986 5993 12 Authoring
20189 5994 12 Authoring
20190 5994 12 Authoring
20191 5994 12 Authoring
20192 5994 12 Authoring
19669 5994 12 Authoring
20194 5995 12 Authoring
20195 5995 12 Authoring
20196 5995 12 Authoring
20197 5995 12 Authoring
19918 5995 12 Authoring
20199 5996 12 Authoring
20176 5996 12 Authoring
19627 5996 12 Authoring
20202 5997 12 Authoring
20203 5997 12 Authoring
20122 5998 12 Authoring
16849 5998 12 Authoring
20206 5998 12 Authoring
16850 5998 12 Authoring
20208 5999 12 Authoring
20209 5999 12 Authoring
16820 5999 12 Authoring
20211 5999 12 Authoring
20212 6000 12 Authoring
19165 6000 12 Authoring
16942 6000 12 Authoring
20215 6001 12 Authoring
19115 6001 12 Authoring
20217 6001 12 Authoring
20218 6001 12 Authoring
20219 6002 12 Authoring
20220 6002 12 Authoring
20221 6002 12 Authoring
20222 6002 12 Authoring
20223 6002 12 Authoring
20224 6003 12 Authoring
20225 6003 12 Authoring
20226 6003 12 Authoring
20227 6003 12 Authoring
20228 6004 12 Authoring
19701 6004 12 Authoring
20230 6004 12 Authoring
19702 6004 12 Authoring
20232 6005 12 Authoring
20233 6005 12 Authoring
20234 6005 12 Authoring
16868 6005 12 Authoring
20236 6006 12 Authoring
16903 6006 12 Authoring
20238 6007 12 Authoring
20239 6007 12 Authoring
20240 6007 12 Authoring
20241 6007 12 Authoring
20242 6007 12 Authoring
19310 6008 12 Authoring
19743 6008 12 Authoring
20245 6009 12 Authoring
16815 6009 12 Authoring
17063 6009 12 Authoring
16818 6009 12 Authoring
20249 6010 12 Authoring
17003 6010 12 Authoring
17004 6010 12 Authoring
20252 6010 12 Authoring
17065 6011 12 Authoring
19368 6011 12 Authoring
19366 6011 12 Authoring
20256 6012 12 Authoring
16812 6012 12 Authoring
16820 6012 12 Authoring
20259 6013 12 Authoring
16853 6013 12 Authoring
20261 6013 12 Authoring
20262 6014 12 Authoring
20263 6014 12 Authoring
16853 6014 12 Authoring
20265 6015 12 Authoring
20266 6015 12 Authoring
20267 6016 12 Authoring
20268 6016 12 Authoring
19262 6016 12 Authoring
20270 6017 12 Authoring
20271 6018 12 Authoring
16905 6018 12 Authoring
20273 6019 13 Authoring
20274 6019 13 Authoring
20275 6020 13 Authoring
20276 6020 13 Authoring
20277 6020 13 Authoring
20278 6020 13 Authoring
20279 6021 13 Authoring
20280 6021 13 Authoring
20281 6021 13 Authoring
20282 6021 13 Authoring
20283 6021 13 Authoring
20284 6021 13 Authoring
16937 6022 13 Authoring
20232 6022 13 Authoring
16868 6022 13 Authoring
20288 6023 13 Authoring
16918 6023 13 Authoring
19127 6023 13 Authoring
20291 6023 13 Authoring
20274 6024 13 Authoring
20273 6024 13 Authoring
19993 6025 13 Authoring
20295 6025 13 Authoring
19310 6025 13 Authoring
20297 6026 13 Authoring
20298 6026 13 Authoring
19625 6026 13 Authoring
20300 6027 13 Authoring
19329 6027 13 Authoring
20302 6028 13 Authoring
16954 6028 13 Authoring
20304 6029 13 Authoring
20305 6029 13 Authoring
20306 6029 13 Authoring
20307 6030 13 Authoring
20308 6030 13 Authoring
20309 6030 13 Authoring
20310 6030 13 Authoring
20311 6031 13 Authoring
19148 6031 13 Authoring
19270 6031 13 Authoring
20314 6032 13 Authoring
19148 6032 13 Authoring
20316 6032 13 Authoring
20317 6033 13 Authoring
17007 6033 13 Authoring
17006 6033 13 Authoring
20320 6034 13 Authoring
20321 6034 13 Authoring
20322 6034 13 Authoring
20323 6035 13 Authoring
20324 6035 13 Authoring
20325 6035 13 Authoring
20326 6036 13 Authoring
20327 6036 13 Authoring
20328 6036 13 Authoring
20329 6036 13 Authoring
20330 6036 13 Authoring
20331 6037 13 Authoring
20332 6037 13 Authoring
20333 6037 13 Authoring
20334 6037 13 Authoring
20335 6037 13 Authoring
20336 6038 13 Authoring
20324 6038 13 Authoring
20325 6038 13 Authoring
20339 6039 13 Authoring
20340 6039 13 Authoring
20341 6039 13 Authoring
19625 6039 13 Authoring
20223 6039 13 Authoring
20344 6040 13 Authoring
16885 6040 13 Authoring
20346 6040 13 Authoring
20347 6041 13 Authoring
20348 6041 13 Authoring
20349 6041 13 Authoring
20350 6042 13 Authoring
20351 6042 13 Authoring
20352 6043 13 Authoring
20353 6043 13 Authoring
20354 6043 13 Authoring
20355 6043 13 Authoring
20325 6044 13 Authoring
20357 6044 13 Authoring
20324 6044 13 Authoring
20359 6045 13 Authoring
16918 6045 13 Authoring
20361 6045 13 Authoring
20362 6046 13 Authoring
20363 6046 13 Authoring
20364 6046 13 Authoring
20365 6047 13 Authoring
20245 6047 13 Authoring
16815 6047 13 Authoring
16818 6047 13 Authoring
16816 6047 13 Authoring
19557 6048 13 Authoring
19262 6048 13 Authoring
19555 6048 13 Authoring
20373 6049 13 Authoring
20374 6049 13 Authoring
20375 6049 13 Authoring
19172 6050 13 Authoring
19174 6050 13 Authoring
20378 6050 13 Authoring
20379 6051 13 Authoring
20380 6051 13 Authoring
16882 6052 13 Authoring
16885 6052 13 Authoring
16884 6052 13 Authoring
20384 6052 13 Authoring
20385 6053 13 Authoring
19560 6053 13 Authoring
17006 6053 13 Authoring
20388 6054 13 Authoring
16840 6054 13 Authoring
19739 6054 13 Authoring
20391 6054 13 Authoring
20392 6055 13 Authoring
20393 6055 13 Authoring
20394 6056 13 Authoring
16944 6056 13 Authoring
20396 6056 13 Authoring
20397 6056 13 Authoring
20398 6056 13 Authoring
17055 6056 13 Authoring
20400 6057 13 Authoring
20401 6057 13 Authoring
20402 6058 13 Authoring
20054 6058 13 Authoring
20404 6058 13 Authoring
17022 6059 13 Authoring
17024 6059 13 Authoring
17022 6060 13 Authoring
20408 6060 13 Authoring
20409 6061 13 Authoring
16815 6061 13 Authoring
16816 6061 13 Authoring
16818 6061 13 Authoring
20413 6062 13 Authoring
20414 6062 13 Authoring
20415 6062 13 Authoring
20174 6062 13 Authoring
16932 6062 13 Authoring
20418 6062 13 Authoring
20419 6062 13 Authoring
17054 6063 13 Authoring
17055 6063 13 Authoring
17056 6063 13 Authoring
20423 6063 13 Authoring
16877 6063 13 Authoring
17059 6063 13 Authoring
20426 6064 13 Authoring
20427 6064 13 Authoring
20428 6064 13 Authoring
20429 6065 13 Authoring
20324 6065 13 Authoring
20431 6065 13 Authoring
20432 6066 13 Authoring
20433 6066 13 Authoring
20054 6066 13 Authoring
20435 6067 13 Authoring
20436 6067 13 Authoring
16850 6067 13 Authoring
20438 6068 13 Authoring
20439 6068 13 Authoring
20440 6068 13 Authoring
20441 6069 13 Authoring
16850 6069 13 Authoring
20354 6069 13 Authoring
20444 6070 13 Authoring
16918 6070 13 Authoring
20446 6070 13 Authoring
20447 6071 13 Authoring
20448 6071 13 Authoring
20449 6072 13 Authoring
19276 6072 13 Authoring
20451 6072 13 Authoring
20452 6072 13 Authoring
19283 6072 13 Authoring
20454 6073 13 Authoring
19832 6073 13 Authoring
20456 6073 13 Authoring
20457 6074 13 Authoring
16905 6074 13 Authoring
16908 6074 13 Authoring
20460 6075 13 Authoring
16960 6075 13 Authoring
16959 6075 13 Authoring
20463 6076 13 Authoring
20232 6076 13 Authoring
16868 6076 13 Authoring
20466 6077 13 Authoring
19769 6077 13 Authoring
20468 6078 13 Authoring
20469 6078 13 Authoring
20470 6078 13 Authoring
20471 6079 13 Authoring
20472 6079 13 Authoring
19769 6079 13 Authoring
20474 6080 13 Authoring
20475 6080 13 Authoring
20190 6080 13 Authoring
19692 6080 13 Authoring
20478 6081 13 Authoring
20479 6081 13 Authoring
20474 6082 13 Authoring
20481 6082 13 Authoring
20190 6082 13 Authoring
19692 6082 13 Authoring
16944 6083 13 Authoring
16808 6083 13 Authoring
20486 6083 13 Authoring
20487 6083 13 Authoring
20488 6084 13 Authoring
20489 6084 13 Authoring
20490 6084 13 Authoring
20491 6084 13 Authoring
20492 6084 13 Authoring
20493 6085 13 Authoring
19203 6085 13 Authoring
20495 6086 13 Authoring
20448 6086 13 Authoring
20497 6087 13 Authoring
16918 6087 13 Authoring
16922 6087 13 Authoring
20361 6087 13 Authoring
20501 6088 13 Authoring
20502 6088 13 Authoring
20503 6089 13 Authoring
20428 6089 13 Authoring
20505 6090 13 Authoring
20063 6090 13 Authoring
17035 6090 13 Authoring
20508 6091 13 Authoring
20509 6091 13 Authoring
20510 6091 13 Authoring
20511 6091 13 Authoring
19776 6092 13 Authoring
20513 6092 13 Authoring
20514 6092 13 Authoring
19703 6092 13 Authoring
20516 6093 13 Authoring
20517 6093 13 Authoring
20518 6094 13 Authoring
20519 6094 13 Authoring
20520 6094 13 Authoring
20521 6094 13 Authoring
20522 6094 13 Authoring
20523 6094 13 Authoring
20524 6095 13 Authoring
20525 6095 13 Authoring
16960 6095 13 Authoring
16959 6095 13 Authoring
20528 6096 13 Authoring
19165 6096 13 Authoring
20530 6097 13 Authoring
20531 6097 13 Authoring
16829 6097 13 Authoring
16807 5063 14 Authoring
16808 5063 14 Authoring
16809 5064 14 Authoring
16810 5064 14 Authoring
16811 5064 14 Authoring
16812 5064 14 Authoring
16813 5065 14 Authoring
16814 5065 14 Authoring
16815 5065 14 Authoring
16816 5065 14 Authoring
16817 5065 14 Authoring
16818 5065 14 Authoring
16819 5066 14 Authoring
16820 5066 14 Authoring
16821 5066 14 Authoring
16822 5067 14 Authoring
16823 5067 14 Authoring
16824 5067 14 Authoring
16825 5068 14 Authoring
16826 5068 14 Authoring
16827 5068 14 Authoring
16828 5068 14 Authoring
16829 5068 14 Authoring
16830 5069 14 Authoring
16831 5069 14 Authoring
16832 5069 14 Authoring
16833 5070 14 Authoring
16834 5070 14 Authoring
16835 5070 14 Authoring
16836 5070 14 Authoring
16837 5070 14 Authoring
16838 5071 14 Authoring
16839 5071 14 Authoring
16840 5071 14 Authoring
16841 5071 14 Authoring
16842 5072 14 Authoring
16843 5072 14 Authoring
16844 5072 14 Authoring
16845 5072 14 Authoring
16846 5072 14 Authoring
16847 5072 14 Authoring
16848 5073 14 Authoring
16849 5073 14 Authoring
16850 5073 14 Authoring
16851 5074 14 Authoring
16852 5074 14 Authoring
16853 5074 14 Authoring
16854 5074 14 Authoring
16855 5074 14 Authoring
16856 5075 14 Authoring
16854 5075 14 Authoring
16858 5075 14 Authoring
16859 5076 14 Authoring
16860 5076 14 Authoring
16861 5077 14 Authoring
16862 5077 14 Authoring
16863 5077 14 Authoring
16864 5078 14 Authoring
16865 5078 14 Authoring
16866 5078 14 Authoring
16867 5078 14 Authoring
16868 5078 14 Authoring
16869 5079 14 Authoring
16870 5079 14 Authoring
16871 5079 14 Authoring
16872 5079 14 Authoring
16873 5079 14 Authoring
16874 5079 14 Authoring
16875 5080 14 Authoring
16876 5080 14 Authoring
16877 5080 14 Authoring
16878 5081 14 Authoring
16879 5081 14 Authoring
16860 5081 14 Authoring
16881 5081 14 Authoring
16882 5082 14 Authoring
16883 5082 14 Authoring
16884 5082 14 Authoring
16885 5082 14 Authoring
16886 5083 14 Authoring
16887 5083 14 Authoring
16888 5083 14 Authoring
16889 5083 14 Authoring
16890 5083 14 Authoring
16891 5083 14 Authoring
16892 5083 14 Authoring
16893 5084 14 Authoring
16894 5084 14 Authoring
16895 5084 14 Authoring
16896 5084 14 Authoring
16897 5084 14 Authoring
16898 5085 14 Authoring
16899 5085 14 Authoring
16900 5085 14 Authoring
16901 5086 14 Authoring
16902 5086 14 Authoring
16903 5086 14 Authoring
16904 5087 14 Authoring
16905 5087 14 Authoring
16906 5087 14 Authoring
16907 5087 14 Authoring
16908 5087 14 Authoring
16909 5087 14 Authoring
16910 5088 14 Authoring
16911 5088 14 Authoring
16912 5089 14 Authoring
16913 5089 14 Authoring
16914 5089 14 Authoring
16915 5089 14 Authoring
16916 5089 14 Authoring
16917 5090 14 Authoring
16918 5090 14 Authoring
16919 5090 14 Authoring
16917 5091 14 Authoring
16918 5091 14 Authoring
16922 5091 14 Authoring
16919 5091 14 Authoring
16922 5092 14 Authoring
16925 5092 14 Authoring
16926 5092 14 Authoring
16927 5093 14 Authoring
16928 5093 14 Authoring
16929 5093 14 Authoring
16930 5094 14 Authoring
16931 5094 14 Authoring
16932 5094 14 Authoring
16933 5095 14 Authoring
16934 5095 14 Authoring
16935 5095 14 Authoring
16936 5096 14 Authoring
16937 5096 14 Authoring
16938 5096 14 Authoring
16868 5096 14 Authoring
16940 5097 14 Authoring
16941 5097 14 Authoring
16942 5097 14 Authoring
16943 5098 14 Authoring
16944 5098 14 Authoring
16945 5099 14 Authoring
16946 5099 14 Authoring
16947 5100 14 Authoring
16948 5100 14 Authoring
16949 5100 14 Authoring
16950 5100 14 Authoring
16951 5100 14 Authoring
16952 5100 14 Authoring
16953 5101 14 Authoring
16954 5101 14 Authoring
16955 5102 14 Authoring
16956 5102 14 Authoring
16957 5103 14 Authoring
16958 5103 14 Authoring
16959 5103 14 Authoring
16960 5103 14 Authoring
16961 5104 14 Authoring
16962 5104 14 Authoring
16963 5104 14 Authoring
16964 5104 14 Authoring
16965 5104 14 Authoring
16966 5105 14 Authoring
16967 5105 14 Authoring
16968 5105 14 Authoring
16969 5105 14 Authoring
16970 5106 14 Authoring
16971 5106 14 Authoring
16972 5107 14 Authoring
16973 5107 14 Authoring
16974 5108 14 Authoring
16946 5108 14 Authoring
16976 5108 14 Authoring
16977 5108 14 Authoring
16978 5109 14 Authoring
16942 5109 14 Authoring
16980 5110 14 Authoring
16981 5110 14 Authoring
16982 5110 14 Authoring
16983 5111 14 Authoring
16984 5111 14 Authoring
16985 5111 14 Authoring
16986 5111 14 Authoring
16987 5112 14 Authoring
16988 5112 14 Authoring
16989 5113 14 Authoring
16990 5113 14 Authoring
16991 5113 14 Authoring
16992 5113 14 Authoring
16993 5114 14 Authoring
16994 5114 14 Authoring
16995 5114 14 Authoring
16996 5115 14 Authoring
16997 5115 14 Authoring
16998 5115 14 Authoring
16999 5115 14 Authoring
17000 5115 14 Authoring
17001 5115 14 Authoring
17002 5116 14 Authoring
17003 5116 14 Authoring
17004 5116 14 Authoring
17005 5117 14 Authoring
17006 5117 14 Authoring
17007 5117 14 Authoring
17008 5118 14 Authoring
16967 5118 14 Authoring
16968 5118 14 Authoring
16969 5118 14 Authoring
17012 5119 14 Authoring
17013 5119 14 Authoring
17014 5119 14 Authoring
17015 5120 14 Authoring
16905 5120 14 Authoring
16908 5120 14 Authoring
17018 5121 14 Authoring
17019 5121 14 Authoring
17020 5121 14 Authoring
17021 5122 14 Authoring
17022 5122 14 Authoring
17023 5122 14 Authoring
17024 5122 14 Authoring
16997 5123 14 Authoring
17026 5123 14 Authoring
16999 5123 14 Authoring
17028 5124 14 Authoring
17029 5124 14 Authoring
17030 5124 14 Authoring
17031 5125 14 Authoring
17032 5125 14 Authoring
17033 5125 14 Authoring
17034 5125 14 Authoring
17035 5125 14 Authoring
17036 5125 14 Authoring
17037 5126 14 Authoring
16840 5126 14 Authoring
17039 5126 14 Authoring
17040 5126 14 Authoring
17041 5127 14 Authoring
17039 5127 14 Authoring
17040 5127 14 Authoring
16840 5127 14 Authoring
17045 5128 14 Authoring
17046 5128 14 Authoring
16854 5128 14 Authoring
17048 5129 14 Authoring
17024 5129 14 Authoring
17050 5130 14 Authoring
16967 5130 14 Authoring
16968 5130 14 Authoring
16969 5130 14 Authoring
17054 5131 14 Authoring
17055 5131 14 Authoring
17056 5131 14 Authoring
17057 5131 14 Authoring
17058 5131 14 Authoring
17059 5131 14 Authoring
17060 5132 14 Authoring
16816 5132 14 Authoring
16815 5132 14 Authoring
17063 5132 14 Authoring
16818 5132 14 Authoring
17065 5133 14 Authoring
17066 5133 14 Authoring
17067 5133 14 Authoring
48057 13926 15 Authoring
47888 13882 15 Authoring
47889 13882 15 Authoring
19308 13882 15 Authoring
47891 13883 15 Authoring
47892 13883 15 Authoring
47893 13883 15 Authoring
47894 13883 15 Authoring
47895 13883 15 Authoring
47896 13883 15 Authoring
47897 13883 15 Authoring
47898 13884 15 Authoring
47495 13884 15 Authoring
47409 13884 15 Authoring
47901 13885 15 Authoring
47902 13885 15 Authoring
47903 13885 15 Authoring
47904 13886 15 Authoring
47905 13886 15 Authoring
47906 13886 15 Authoring
47907 13886 15 Authoring
47908 13886 15 Authoring
47909 13886 15 Authoring
47910 13886 15 Authoring
19188 13886 15 Authoring
16887 13887 15 Authoring
47913 13887 15 Authoring
47914 13887 15 Authoring
47497 13887 15 Authoring
47916 13888 15 Authoring
47917 13888 15 Authoring
16994 13888 15 Authoring
47919 13888 15 Authoring
47920 13889 15 Authoring
19308 13889 15 Authoring
47922 13890 15 Authoring
47923 13890 15 Authoring
47924 13890 15 Authoring
47925 13890 15 Authoring
47926 13890 15 Authoring
47927 13891 15 Authoring
47928 13891 15 Authoring
47929 13891 15 Authoring
47930 13892 15 Authoring
47931 13892 15 Authoring
47932 13893 15 Authoring
47933 13893 15 Authoring
47934 13894 15 Authoring
47935 13894 15 Authoring
47936 13894 15 Authoring
47937 13894 15 Authoring
47938 13895 15 Authoring
47939 13895 15 Authoring
47940 13895 15 Authoring
19308 13895 15 Authoring
16903 13895 15 Authoring
47943 13895 15 Authoring
47425 13896 15 Authoring
47945 13896 15 Authoring
47420 13896 15 Authoring
47421 13896 15 Authoring
47409 13896 15 Authoring
47949 13897 15 Authoring
19662 13897 15 Authoring
47951 13897 15 Authoring
16968 13898 15 Authoring
16967 13898 15 Authoring
16969 13898 15 Authoring
47955 13899 15 Authoring
47956 13899 15 Authoring
47957 13899 15 Authoring
47958 13899 15 Authoring
20230 13899 15 Authoring
47960 13899 15 Authoring
47961 13899 15 Authoring
20140 13900 15 Authoring
20143 13900 15 Authoring
47964 13901 15 Authoring
47965 13901 15 Authoring
47966 13901 15 Authoring
47967 13902 15 Authoring
47968 13902 15 Authoring
16918 13902 15 Authoring
47970 13903 15 Authoring
47971 13903 15 Authoring
20463 13903 15 Authoring
47973 13903 15 Authoring
47974 13903 15 Authoring
47975 13904 15 Authoring
47976 13904 15 Authoring
19135 13904 15 Authoring
47978 13904 15 Authoring
47979 13904 15 Authoring
47980 13904 15 Authoring
47981 13905 15 Authoring
19986 13905 15 Authoring
17003 13905 15 Authoring
19270 13905 15 Authoring
47985 13906 15 Authoring
16816 13906 15 Authoring
16815 13906 15 Authoring
47988 13907 15 Authoring
47989 13907 15 Authoring
47990 13907 15 Authoring
47991 13907 15 Authoring
47992 13907 15 Authoring
47993 13907 15 Authoring
47994 13908 15 Authoring
47995 13908 15 Authoring
47931 13908 15 Authoring
47997 13909 15 Authoring
47998 13909 15 Authoring
47999 13909 15 Authoring
48000 13909 15 Authoring
16968 13910 15 Authoring
16967 13910 15 Authoring
16969 13910 15 Authoring
48004 13911 15 Authoring
16967 13911 15 Authoring
19308 13911 15 Authoring
16968 13911 15 Authoring
16969 13911 15 Authoring
48009 13912 15 Authoring
20463 13912 15 Authoring
16867 13912 15 Authoring
16868 13912 15 Authoring
48013 13913 15 Authoring
17013 13913 15 Authoring
19119 13913 15 Authoring
48016 13913 15 Authoring
48017 13914 15 Authoring
48018 13914 15 Authoring
48019 13914 15 Authoring
48020 13915 15 Authoring
48021 13915 15 Authoring
48022 13915 15 Authoring
48023 13916 15 Authoring
47931 13916 15 Authoring
20414 13917 15 Authoring
48026 13917 15 Authoring
16932 13917 15 Authoring
20120 13917 15 Authoring
48029 13918 15 Authoring
47945 13918 15 Authoring
48031 13918 15 Authoring
47409 13918 15 Authoring
19553 13919 15 Authoring
19555 13919 15 Authoring
16969 13920 15 Authoring
16967 13920 15 Authoring
16968 13920 15 Authoring
19308 13920 15 Authoring
48039 13921 15 Authoring
48040 13921 15 Authoring
17005 13922 15 Authoring
17006 13922 15 Authoring
17007 13922 15 Authoring
20441 13923 15 Authoring
48045 13923 15 Authoring
20354 13923 15 Authoring
16850 13923 15 Authoring
48048 13924 15 Authoring
16967 13924 15 Authoring
16968 13924 15 Authoring
48051 13924 15 Authoring
48052 13924 15 Authoring
48053 13925 15 Authoring
19277 13925 15 Authoring
48055 13925 15 Authoring
48056 13926 15 Authoring
48092 13937 15 Authoring
48058 13927 15 Authoring
47478 13927 15 Authoring
47560 13927 15 Authoring
48061 13927 15 Authoring
48062 13928 15 Authoring
19310 13928 15 Authoring
17030 13928 15 Authoring
48065 13929 15 Authoring
48066 13929 15 Authoring
48067 13929 15 Authoring
48068 13929 15 Authoring
48069 13930 15 Authoring
16818 13930 15 Authoring
16816 13930 15 Authoring
20067 13930 15 Authoring
48073 13931 15 Authoring
48074 13931 15 Authoring
48075 13931 15 Authoring
20786 13932 15 Authoring
48077 13932 15 Authoring
47409 13932 15 Authoring
48079 13933 15 Authoring
48080 13933 15 Authoring
48081 13934 15 Authoring
47490 13934 15 Authoring
48083 13934 15 Authoring
48084 13935 15 Authoring
48085 13935 15 Authoring
20306 13935 15 Authoring
48087 13936 15 Authoring
19793 13936 15 Authoring
48089 13937 15 Authoring
48090 13937 15 Authoring
48091 13937 15 Authoring
48093 13937 15 Authoring
48094 13938 15 Authoring
48095 13938 15 Authoring
48096 13938 15 Authoring
48097 13939 15 Authoring
48098 13939 15 Authoring
47999 13939 15 Authoring
48000 13939 15 Authoring
16981 13940 15 Authoring
48102 13940 15 Authoring
48103 13941 15 Authoring
17014 13941 15 Authoring
19592 13941 15 Authoring
48106 13941 15 Authoring
19591 13941 15 Authoring
48108 13942 15 Authoring
48109 13942 15 Authoring
47931 13942 15 Authoring
48111 13942 15 Authoring
48112 13943 15 Authoring
16944 13943 15 Authoring
17059 13943 15 Authoring
48115 13943 15 Authoring
48116 13944 15 Authoring
48117 13944 15 Authoring
48118 13944 15 Authoring
48119 13945 15 Authoring
48120 13945 15 Authoring
48121 13945 15 Authoring
48122 13946 15 Authoring
48123 13946 15 Authoring
19669 13946 15 Authoring
20275 13947 15 Authoring
48126 13947 15 Authoring
48127 13947 15 Authoring
48128 13947 15 Authoring
48129 13947 15 Authoring
48130 13947 15 Authoring
48131 13948 15 Authoring
48132 13948 15 Authoring
16840 13948 15 Authoring
48134 13949 15 Authoring
48121 13949 15 Authoring
48136 13950 15 Authoring
48137 13950 15 Authoring
19135 13950 15 Authoring
19381 13950 15 Authoring
48140 13951 15 Authoring
48141 13951 15 Authoring
48142 13951 15 Authoring
48143 13951 15 Authoring
48144 13952 15 Authoring
48145 13952 15 Authoring
48146 13952 15 Authoring
19135 13952 15 Authoring
48148 13953 15 Authoring
48149 13953 15 Authoring
47931 13953 15 Authoring
48151 13954 15 Authoring
19669 13954 15 Authoring
48153 13955 15 Authoring
48154 13955 15 Authoring
19211 13955 15 Authoring
48156 13956 15 Authoring
48157 13956 15 Authoring
17055 13957 15 Authoring
48159 13957 15 Authoring
17059 13957 15 Authoring
47400 13745 16 Authoring
47401 13745 16 Authoring
19220 13745 16 Authoring
47403 13745 16 Authoring
47404 13745 16 Authoring
20164 13745 16 Authoring
47406 13745 16 Authoring
47407 13745 16 Authoring
47408 13746 16 Authoring
47409 13746 16 Authoring
16829 13746 16 Authoring
47411 13747 16 Authoring
20760 13747 16 Authoring
47413 13748 16 Authoring
16967 13748 16 Authoring
47415 13749 16 Authoring
47416 13749 16 Authoring
47417 13749 16 Authoring
16969 13750 16 Authoring
16967 13750 16 Authoring
47420 13751 16 Authoring
47421 13751 16 Authoring
47409 13751 16 Authoring
47423 13752 16 Authoring
19576 13752 16 Authoring
47425 13753 16 Authoring
47421 13753 16 Authoring
47417 13753 16 Authoring
48077 13753 16 Authoring
47429 13754 16 Authoring
48077 13754 16 Authoring
47431 13755 16 Authoring
20701 13755 16 Authoring
47433 13756 16 Authoring
19576 13756 16 Authoring
47435 13757 16 Authoring
19203 13757 16 Authoring
47437 13757 16 Authoring
47438 13758 16 Authoring
16967 13758 16 Authoring
16969 13758 16 Authoring
47441 13759 16 Authoring
20143 13759 16 Authoring
47443 13759 16 Authoring
47444 13760 16 Authoring
19576 13760 16 Authoring
20530 13761 16 Authoring
47447 13761 16 Authoring
16829 13761 16 Authoring
47449 13762 16 Authoring
47450 13762 16 Authoring
47451 13762 16 Authoring
19208 13762 16 Authoring
47409 13762 16 Authoring
20174 13763 16 Authoring
20415 13763 16 Authoring
20414 13763 16 Authoring
47457 13763 16 Authoring
47458 13763 16 Authoring
20419 13763 16 Authoring
16932 13763 16 Authoring
47461 13764 16 Authoring
19197 13764 16 Authoring
19203 13764 16 Authoring
47464 13765 16 Authoring
20332 13765 16 Authoring
47466 13765 16 Authoring
47467 13765 16 Authoring
47468 13765 16 Authoring
47469 13765 16 Authoring
47470 13766 16 Authoring
47471 13766 16 Authoring
19832 13766 16 Authoring
47473 13766 16 Authoring
47474 13767 16 Authoring
19270 13767 16 Authoring
17013 13767 16 Authoring
47477 13768 16 Authoring
47478 13768 16 Authoring
20803 13768 16 Authoring
20055 13768 16 Authoring
19651 13768 16 Authoring
47482 13769 16 Authoring
47483 13769 16 Authoring
47417 13769 16 Authoring
47485 13770 16 Authoring
47486 13770 16 Authoring
20441 13770 16 Authoring
47488 13770 16 Authoring
47489 13770 16 Authoring
47490 13771 16 Authoring
16887 13771 16 Authoring
20176 13771 16 Authoring
47493 13771 16 Authoring
16887 13772 16 Authoring
47495 13772 16 Authoring
47496 13772 16 Authoring
47497 13772 16 Authoring
47498 13773 16 Authoring
47499 13773 16 Authoring
47500 13773 16 Authoring
16837 13773 16 Authoring
47502 13773 16 Authoring
47503 13773 16 Authoring
47504 13774 16 Authoring
47505 13774 16 Authoring
19576 13774 16 Authoring
47507 13775 16 Authoring
47508 13775 16 Authoring
19576 13775 16 Authoring
47510 13775 16 Authoring
47511 13776 16 Authoring
47512 13776 16 Authoring
47513 13776 16 Authoring
19308 13776 16 Authoring
47515 13777 16 Authoring
47516 13777 16 Authoring
17024 13777 16 Authoring
17039 13777 16 Authoring
47519 13778 16 Authoring
19767 13778 16 Authoring
47521 13778 16 Authoring
47522 13779 16 Authoring
47523 13779 16 Authoring
47524 13779 16 Authoring
47525 13780 16 Authoring
19561 13780 16 Authoring
47527 13781 16 Authoring
47528 13781 16 Authoring
47529 13781 16 Authoring
47530 13781 16 Authoring
19692 13781 16 Authoring
47532 13781 16 Authoring
47533 13782 16 Authoring
47534 13782 16 Authoring
47535 13783 16 Authoring
47536 13783 16 Authoring
47537 13783 16 Authoring
47516 13784 16 Authoring
17039 13784 16 Authoring
47540 13785 16 Authoring
47541 13785 16 Authoring
47542 13785 16 Authoring
47543 13785 16 Authoring
47544 13786 16 Authoring
19374 13786 16 Authoring
47543 13786 16 Authoring
47542 13786 16 Authoring
47548 13787 16 Authoring
19553 13787 16 Authoring
19555 13787 16 Authoring
47551 13788 16 Authoring
47548 13788 16 Authoring
19553 13788 16 Authoring
19555 13788 16 Authoring
17022 13789 16 Authoring
17039 13789 16 Authoring
17024 13789 16 Authoring
47558 13790 16 Authoring
47559 13790 16 Authoring
47560 13790 16 Authoring
47561 13791 16 Authoring
47562 13791 16 Authoring
47563 13791 16 Authoring
47564 13791 16 Authoring
16981 13791 16 Authoring
47420 17690 17 Authoring
61489 17690 17 Authoring
47421 17690 17 Authoring
47409 17690 17 Authoring
61492 17691 17 Authoring
61493 17691 17 Authoring
61494 17691 17 Authoring
61495 17691 17 Authoring
61496 17691 17 Authoring
21485 17691 17 Authoring
19692 17692 17 Authoring
61499 17692 17 Authoring
20190 17692 17 Authoring
61501 17692 17 Authoring
61502 17693 17 Authoring
19270 17693 17 Authoring
16829 17693 17 Authoring
61505 17694 17 Authoring
47435 17694 17 Authoring
19203 17694 17 Authoring
47437 17694 17 Authoring
61509 17695 17 Authoring
61510 17695 17 Authoring
61511 17696 17 Authoring
61512 17696 17 Authoring
50417 17696 17 Authoring
61514 17697 17 Authoring
61510 17697 17 Authoring
61516 17698 17 Authoring
19618 17698 17 Authoring
19329 17698 17 Authoring
61519 17699 17 Authoring
61520 17699 17 Authoring
61521 17699 17 Authoring
48077 17699 17 Authoring
61523 17700 17 Authoring
19308 17700 17 Authoring
61525 17700 17 Authoring
61526 17700 17 Authoring
61527 17701 17 Authoring
19279 17701 17 Authoring
61529 17701 17 Authoring
61530 17701 17 Authoring
19283 17701 17 Authoring
61532 17702 17 Authoring
61533 17702 17 Authoring
61534 17702 17 Authoring
19308 17702 17 Authoring
61536 17703 17 Authoring
61537 17703 17 Authoring
19207 17703 17 Authoring
61539 17704 17 Authoring
61540 17704 17 Authoring
61541 17704 17 Authoring
61542 17705 17 Authoring
16967 17705 17 Authoring
19308 17705 17 Authoring
61545 17706 17 Authoring
61546 17706 17 Authoring
61547 17706 17 Authoring
47447 17706 17 Authoring
61549 17706 17 Authoring
61550 17707 17 Authoring
61551 17707 17 Authoring
61552 17707 17 Authoring
61553 17708 17 Authoring
61554 17708 17 Authoring
20120 17708 17 Authoring
20414 17709 17 Authoring
61557 17709 17 Authoring
16932 17709 17 Authoring
61559 17710 17 Authoring
47450 17710 17 Authoring
47449 17710 17 Authoring
19220 17710 17 Authoring
47482 17711 17 Authoring
47483 17711 17 Authoring
19220 17711 17 Authoring
61566 17712 17 Authoring
16837 17712 17 Authoring
47417 17712 17 Authoring
61569 17713 17 Authoring
61570 17713 17 Authoring
61571 17713 17 Authoring
16887 17713 17 Authoring
19220 17713 17 Authoring
47524 17714 17 Authoring
61575 17714 17 Authoring
61576 17715 17 Authoring
61577 17715 17 Authoring
61578 17716 17 Authoring
61579 17716 17 Authoring
47970 17716 17 Authoring
20328 17716 17 Authoring
17020 17717 17 Authoring
61583 17717 17 Authoring
61584 17717 17 Authoring
61585 17717 17 Authoring
61586 17717 17 Authoring
61587 17717 17 Authoring
61588 17718 17 Authoring
61589 17718 17 Authoring
47535 17718 17 Authoring
17046 17718 17 Authoring
16997 17719 17 Authoring
50740 17719 17 Authoring
61594 17720 17 Authoring
61595 17720 17 Authoring
61596 17720 17 Authoring
61597 17721 17 Authoring
61598 17721 17 Authoring
61599 17721 17 Authoring
49785 17721 17 Authoring
47409 17721 17 Authoring
47431 17722 17 Authoring
19203 17722 17 Authoring
47994 17723 17 Authoring
47931 17723 17 Authoring
48111 17723 17 Authoring
61607 17724 17 Authoring
16946 17724 17 Authoring
61609 17725 17 Authoring
47564 17725 17 Authoring
16981 17725 17 Authoring
61612 17726 17 Authoring
19594 17726 17 Authoring
19576 17726 17 Authoring
61615 17727 17 Authoring
19576 17727 17 Authoring
61617 17728 17 Authoring
19918 17728 17 Authoring
61619 17729 17 Authoring
16887 17729 17 Authoring
61621 17730 17 Authoring
61622 17730 17 Authoring
61623 17730 17 Authoring
20701 17730 17 Authoring
20266 17731 17 Authoring
61626 17731 17 Authoring
61627 17731 17 Authoring
61628 17731 17 Authoring
61629 17732 17 Authoring
20463 17732 17 Authoring
16867 17732 17 Authoring
61632 17732 17 Authoring
47490 17733 17 Authoring
47493 17733 17 Authoring
61635 17733 17 Authoring
61636 17733 17 Authoring
61637 17734 17 Authoring
61638 17734 17 Authoring
61639 17734 17 Authoring
61640 17735 17 Authoring
61639 17735 17 Authoring
19651 17735 17 Authoring
19368 17735 17 Authoring
61644 17736 17 Authoring
61645 17736 17 Authoring
61646 17737 17 Authoring
19576 17737 17 Authoring
61648 17738 17 Authoring
61649 17738 17 Authoring
16820 17738 17 Authoring
21480 17738 17 Authoring
61652 17739 17 Authoring
61653 17739 17 Authoring
47931 17739 17 Authoring
61655 17740 17 Authoring
16818 17740 17 Authoring
17063 17740 17 Authoring
61658 17740 17 Authoring
61659 17740 17 Authoring
61660 17740 17 Authoring
61661 17740 17 Authoring
61662 17740 17 Authoring
61663 17741 17 Authoring
61510 17741 17 Authoring
61665 17742 17 Authoring
20004 17742 17 Authoring
61667 17743 17 Authoring
61668 17743 17 Authoring
61640 17743 17 Authoring
61637 17743 17 Authoring
61671 17743 17 Authoring
61672 17744 17 Authoring
61673 17744 17 Authoring
61674 17744 17 Authoring
61675 17744 17 Authoring
19576 17744 17 Authoring
61677 17745 17 Authoring
16942 17745 17 Authoring
48077 17746 17 Authoring
19203 17746 17 Authoring
73858 21342 18 Authoring
19576 21342 18 Authoring
73860 21343 18 Authoring
47965 21343 18 Authoring
20768 21343 18 Authoring
73863 21344 18 Authoring
73864 21344 18 Authoring
73865 21344 18 Authoring
47444 21345 18 Authoring
19576 21345 18 Authoring
20739 21346 18 Authoring
19576 21346 18 Authoring
73870 21347 18 Authoring
73871 21347 18 Authoring
73872 21347 18 Authoring
73873 21348 18 Authoring
73874 21348 18 Authoring
73875 21348 18 Authoring
73876 21348 18 Authoring
73877 21349 18 Authoring
73878 21349 18 Authoring
73879 21349 18 Authoring
73880 21349 18 Authoring
73881 21350 18 Authoring
73882 21350 18 Authoring
61510 21350 18 Authoring
20456 21350 18 Authoring
73885 21351 18 Authoring
73886 21351 18 Authoring
73887 21352 18 Authoring
73888 21352 18 Authoring
16837 21352 18 Authoring
47483 21352 18 Authoring
61570 21353 18 Authoring
73892 21353 18 Authoring
73893 21353 18 Authoring
47409 21353 18 Authoring
73895 21354 18 Authoring
17006 21354 18 Authoring
17007 21354 18 Authoring
73898 21355 18 Authoring
47521 21355 18 Authoring
16821 21355 18 Authoring
73901 21356 18 Authoring
17018 21356 18 Authoring
73903 21357 18 Authoring
49766 21357 18 Authoring
73905 21358 18 Authoring
73906 21358 18 Authoring
73903 21358 18 Authoring
49766 21358 18 Authoring
73909 21359 18 Authoring
73910 21359 18 Authoring
73911 21359 18 Authoring
73912 21359 18 Authoring
73913 21360 18 Authoring
17039 21360 18 Authoring
73915 21360 18 Authoring
73916 21361 18 Authoring
73917 21361 18 Authoring
61577 21361 18 Authoring
73919 21362 18 Authoring
48077 21362 18 Authoring
50430 21363 18 Authoring
19270 21363 18 Authoring
73923 21363 18 Authoring
20701 21363 18 Authoring
73925 21363 18 Authoring
73926 21364 18 Authoring
73927 21364 18 Authoring
73928 21364 18 Authoring
50430 21364 18 Authoring
20701 21364 18 Authoring
73931 21365 18 Authoring
73932 21365 18 Authoring
73915 21365 18 Authoring
16887 21365 18 Authoring
73935 21365 18 Authoring
73936 21366 18 Authoring
73937 21366 18 Authoring
73885 21366 18 Authoring
73886 21366 18 Authoring
50430 21366 18 Authoring
73941 21367 18 Authoring
73942 21367 18 Authoring
73943 21367 18 Authoring
73944 21368 18 Authoring
73945 21368 18 Authoring
48055 21368 18 Authoring
73947 21368 18 Authoring
73948 21369 18 Authoring
47495 21369 18 Authoring
47999 21369 18 Authoring
61511 21370 18 Authoring
73952 21370 18 Authoring
16986 21370 18 Authoring
73954 21371 18 Authoring
47490 21371 18 Authoring
73956 21371 18 Authoring
73954 21372 18 Authoring
47490 21372 18 Authoring
73956 21372 18 Authoring
73960 21373 18 Authoring
73961 21373 18 Authoring
61577 21373 18 Authoring
73963 21374 18 Authoring
73964 21374 18 Authoring
73965 21374 18 Authoring
19308 21374 18 Authoring
73967 21375 18 Authoring
19618 21375 18 Authoring
73969 21375 18 Authoring
73970 21375 18 Authoring
73971 21376 18 Authoring
19793 21376 18 Authoring
19308 21376 18 Authoring
73974 21377 18 Authoring
73975 21377 18 Authoring
73976 21377 18 Authoring
73977 21377 18 Authoring
73978 21377 18 Authoring
73979 21377 18 Authoring
73980 21377 18 Authoring
73981 21377 18 Authoring
73982 21377 18 Authoring
73983 21377 18 Authoring
73984 21377 18 Authoring
73985 21377 18 Authoring
73986 21377 18 Authoring
73987 21377 18 Authoring
73988 21378 18 Authoring
73989 21378 18 Authoring
73990 21378 18 Authoring
17018 21379 18 Authoring
73992 21379 18 Authoring
20493 21379 18 Authoring
73994 21380 18 Authoring
19246 21380 18 Authoring
73996 21380 18 Authoring
73997 21380 18 Authoring
73998 21381 18 Authoring
73999 21381 18 Authoring
74000 21382 18 Authoring
49924 21382 18 Authoring
74002 21382 18 Authoring
74003 21382 18 Authoring
74004 21382 18 Authoring
74005 21382 18 Authoring
74006 21382 18 Authoring
74007 21382 18 Authoring
74008 21383 18 Authoring
74009 21383 18 Authoring
74010 21383 18 Authoring
74011 21383 18 Authoring
74012 21383 18 Authoring
74013 21383 18 Authoring
74014 21383 18 Authoring
74015 21383 18 Authoring
74016 21384 18 Authoring
19285 21384 18 Authoring
74018 21385 18 Authoring
73989 21385 18 Authoring
74020 21385 18 Authoring
74021 21386 18 Authoring
74022 21386 18 Authoring
74023 21386 18 Authoring
74024 21386 18 Authoring
74025 21386 18 Authoring
74026 21387 18 Authoring
74027 21387 18 Authoring
17039 21387 18 Authoring
74029 21388 18 Authoring
73876 21388 18 Authoring
74031 21389 18 Authoring
61489 21389 18 Authoring
74033 21389 18 Authoring
73964 21390 18 Authoring
73963 21390 18 Authoring
73965 21390 18 Authoring
19308 21390 18 Authoring
19208 21391 18 Authoring
47483 21391 18 Authoring
87003 25157 19 Authoring
19211 25107 19 Authoring
86805 25107 19 Authoring
86806 25107 19 Authoring
17018 25107 19 Authoring
73915 25107 19 Authoring
86809 25108 19 Authoring
20760 25108 19 Authoring
86811 25109 19 Authoring
86812 25109 19 Authoring
86813 25109 19 Authoring
49765 25109 19 Authoring
86815 25110 19 Authoring
86816 25110 19 Authoring
86817 25110 19 Authoring
61510 25110 19 Authoring
20456 25110 19 Authoring
86820 25111 19 Authoring
86821 25111 19 Authoring
86822 25111 19 Authoring
86823 25112 19 Authoring
86824 25112 19 Authoring
86825 25112 19 Authoring
86826 25112 19 Authoring
86827 25113 19 Authoring
86828 25113 19 Authoring
16905 25113 19 Authoring
86830 25114 19 Authoring
16967 25114 19 Authoring
86832 25114 19 Authoring
86833 25114 19 Authoring
47461 25115 19 Authoring
19203 25115 19 Authoring
19197 25115 19 Authoring
74029 25116 19 Authoring
86838 25116 19 Authoring
73876 25116 19 Authoring
86840 25117 19 Authoring
86841 25117 19 Authoring
86842 25117 19 Authoring
86843 25117 19 Authoring
61671 25117 19 Authoring
61639 25117 19 Authoring
86846 25118 19 Authoring
86847 25118 19 Authoring
86848 25118 19 Authoring
86849 25118 19 Authoring
86850 25118 19 Authoring
86851 25118 19 Authoring
86852 25119 19 Authoring
86853 25119 19 Authoring
86854 25119 19 Authoring
86855 25119 19 Authoring
86856 25119 19 Authoring
86857 25119 19 Authoring
86858 25120 19 Authoring
86859 25120 19 Authoring
86860 25120 19 Authoring
61510 25120 19 Authoring
20456 25120 19 Authoring
86863 25121 19 Authoring
86864 25121 19 Authoring
86865 25121 19 Authoring
61510 25121 19 Authoring
20456 25121 19 Authoring
86868 25122 19 Authoring
86869 25122 19 Authoring
86870 25122 19 Authoring
86871 25122 19 Authoring
61559 25123 19 Authoring
47450 25123 19 Authoring
47449 25123 19 Authoring
19208 25123 19 Authoring
19220 25123 19 Authoring
86877 25124 19 Authoring
86878 25124 19 Authoring
86879 25124 19 Authoring
86880 25125 19 Authoring
73892 25125 19 Authoring
86882 25125 19 Authoring
73886 25125 19 Authoring
47474 25126 19 Authoring
86885 25126 19 Authoring
17013 25126 19 Authoring
16829 25126 19 Authoring
86888 25127 19 Authoring
86889 25127 19 Authoring
19217 25127 19 Authoring
61598 25128 19 Authoring
61599 25128 19 Authoring
49785 25128 19 Authoring
86894 25129 19 Authoring
86895 25129 19 Authoring
86896 25129 19 Authoring
86897 25129 19 Authoring
86898 25130 19 Authoring
17018 25130 19 Authoring
19203 25130 19 Authoring
74031 25131 19 Authoring
61489 25131 19 Authoring
74033 25131 19 Authoring
17018 25132 19 Authoring
20493 25132 19 Authoring
73992 25132 19 Authoring
86907 25133 19 Authoring
86908 25133 19 Authoring
86909 25133 19 Authoring
86910 25133 19 Authoring
86911 25133 19 Authoring
86912 25134 19 Authoring
86913 25134 19 Authoring
61510 25134 19 Authoring
20456 25134 19 Authoring
86916 25135 19 Authoring
86917 25135 19 Authoring
86918 25135 19 Authoring
86919 25135 19 Authoring
20311 25136 19 Authoring
19148 25136 19 Authoring
86922 25137 19 Authoring
86923 25137 19 Authoring
86924 25138 19 Authoring
16877 25138 19 Authoring
17059 25138 19 Authoring
17056 25138 19 Authoring
86928 25138 19 Authoring
86929 25139 19 Authoring
86930 25139 19 Authoring
86931 25139 19 Authoring
86932 25140 19 Authoring
16829 25140 19 Authoring
86878 25140 19 Authoring
86935 25141 19 Authoring
16932 25141 19 Authoring
86937 25141 19 Authoring
73873 25142 19 Authoring
86939 25142 19 Authoring
73875 25142 19 Authoring
73876 25142 19 Authoring
86838 25142 19 Authoring
86943 25143 19 Authoring
86944 25143 19 Authoring
86945 25143 19 Authoring
86946 25143 19 Authoring
86947 25143 19 Authoring
86948 25143 19 Authoring
86949 25143 19 Authoring
86950 25144 19 Authoring
86951 25144 19 Authoring
47511 25144 19 Authoring
19308 25144 19 Authoring
86954 25145 19 Authoring
74027 25145 19 Authoring
17039 25145 19 Authoring
86957 25145 19 Authoring
86931 25145 19 Authoring
86959 25146 19 Authoring
73961 25146 19 Authoring
61577 25146 19 Authoring
86962 25147 19 Authoring
86963 25147 19 Authoring
61577 25147 19 Authoring
50740 25148 19 Authoring
86966 25148 19 Authoring
16997 25148 19 Authoring
86968 25148 19 Authoring
86969 25148 19 Authoring
86970 25148 19 Authoring
86971 25148 19 Authoring
86972 25148 19 Authoring
86973 25149 19 Authoring
16812 25149 19 Authoring
86975 25149 19 Authoring
86976 25150 19 Authoring
86977 25150 19 Authoring
16981 25150 19 Authoring
86979 25151 19 Authoring
61639 25151 19 Authoring
61638 25151 19 Authoring
86982 25151 19 Authoring
19651 25151 19 Authoring
86984 25152 19 Authoring
86985 25152 19 Authoring
47560 25152 19 Authoring
47478 25152 19 Authoring
86988 25153 19 Authoring
86989 25153 19 Authoring
16986 25153 19 Authoring
73945 25154 19 Authoring
86992 25154 19 Authoring
86993 25154 19 Authoring
61511 25155 19 Authoring
73952 25155 19 Authoring
16986 25155 19 Authoring
86997 25156 19 Authoring
86998 25156 19 Authoring
47542 25156 19 Authoring
86917 25156 19 Authoring
87001 25157 19 Authoring
87002 25157 19 Authoring
87004 25157 19 Authoring
19349 25157 19 Authoring
87006 25158 19 Authoring
16967 25158 19 Authoring
87008 25158 19 Authoring
87009 25159 19 Authoring
47999 25159 19 Authoring
47535 25160 19 Authoring
87012 25160 19 Authoring
47536 25160 19 Authoring
87014 25161 19 Authoring
86889 25161 19 Authoring
87016 25162 19 Authoring
61639 25162 19 Authoring
61638 25162 19 Authoring
19651 25162 19 Authoring
87020 25163 19 Authoring
87021 25163 19 Authoring
87022 25163 19 Authoring
87023 25163 19 Authoring
73886 25163 19 Authoring
20701 25163 19 Authoring
87026 25164 19 Authoring
48017 25164 19 Authoring
48019 25164 19 Authoring
87029 25165 19 Authoring
16908 25165 19 Authoring
16905 25165 19 Authoring
73937 25166 19 Authoring
50430 25166 19 Authoring